# Ps Pf beta Deff
0.25 0.5 0.9841258141197474 0.08579331423322598
0.25 1.0 1.0412146956506705 0.11725287756754774
0.25 1.5 0.9675259604471063 0.3930579576924941
0.25 2.0 1.018020782214993 0.4799421979425736
0.25 2.5 0.99291981687394 0.9336221065199292
0.25 3.0 0.9827086803298521 1.4799964903789995
0.25 3.5 0.9671260718644382 2.2697520398523077
0.25 4.0 0.968332541739452 3.1306112506678407
0.25 4.5 1.0009695310008502 3.069186357566206
0.25 5.0 1.002155851364463 4.131972345513531
0.25 5.5 1.0136311733972814 4.65538947195943
0.25 6.0 0.9950396813224582 6.3161683612727595
0.25 6.5 0.9963565410443287 7.510552040059556
0.25 7.0 1.0130806315403784 7.634950720965517
0.25 7.5 0.9989161688157027 9.890849883000504
0.25 8.0 1.0237516440492385 9.697307913502081
0.50 0.5 0.9450490004230149 0.20114412797789477
0.50 1.0 0.9977445550579129 0.1896035852454597
0.50 1.5 1.0194493454094302 0.21716614930153783
0.50 2.0 1.0284492201983473 0.2950825984848717
0.50 2.5 1.0221987182538725 0.4506211315719072
0.50 3.0 0.9924503022321206 0.7956434788113667
0.50 3.5 1.0153349476829567 0.9260384998649334
0.50 4.0 1.0199673384379153 1.2687846167139958
0.50 4.5 1.0313122038015377 1.5226142780485283
0.50 5.0 1.0120480708223483 2.233746255075348
0.50 5.5 1.005801747567838 3.044966555927608
0.50 6.0 1.0351921943683977 2.9873406205881006
0.50 6.5 0.9820517316720941 5.626128505655784
0.50 7.0 1.0244714962147876 4.796770898630517
0.50 7.5 0.9854300041490505 7.74263443812296
0.50 8.0 1.0306062505829063 6.353108490714988
0.75 0.5 0.9983790086541752 0.21244995381906526
0.75 1.0 0.9654628705419386 0.3129729337527789
0.75 1.5 0.9935216052450039 0.3142437626053079
0.75 2.0 1.0132003289754257 0.34121289752861156
0.75 2.5 0.9924159257990595 0.49266212983281055
0.75 3.0 1.00305104344332 0.576378694962771
0.75 3.5 0.9595705467593212 0.9682416171387619
0.75 4.0 0.979135302403333 1.1219518712750196
0.75 4.5 0.9581741197811685 1.72640605075701
0.75 5.0 0.980627995553904 1.8694047385346386
0.75 5.5 1.0083247479376383 1.9582233170432584
0.75 6.0 0.979934821255362 2.9691978208877017
0.75 6.5 1.0115176650726265 2.8524270099570406
0.75 7.0 1.0003840055921032 3.7972455862686205
0.75 7.5 0.9807739652772567 5.130430900348031
0.75 8.0 0.9839753443624731 6.142580187369768
1.00 0.5 0.9922764913467059 0.3311052105815772
1.00 1.0 1.0009212099198233 0.2838176728145494
1.00 1.5 1.0287909480221409 0.2851912326523083
1.00 2.0 1.0142660559015237 0.3910345052613175
1.00 2.5 0.9909359718311666 0.5427237535079595
1.00 3.0 0.9915483524157034 0.6360348865428136
1.00 3.5 0.9649343655981685 0.9139878986394078
1.00 4.0 0.9942884587868626 0.8614186184526946
1.00 4.5 0.9875971614210044 1.1174930524349025
1.00 5.0 1.0007325828382232 1.1928366810874687
1.00 5.5 0.9603421695823952 1.9479545050501663
1.00 6.0 0.9898251740397931 1.9529449300754973
1.00 6.5 0.9611616196802971 2.8707472192484906
1.00 7.0 0.9897698448407712 2.8252409721361995
1.00 7.5 1.0204099946646672 2.6435545959541167
1.00 8.0 1.010362420788614 3.507357847554418
1.25 0.5 0.9952437965849854 0.43742322421787405
1.25 1.0 0.9923849173485976 0.33557109754861614
1.25 1.5 0.9777097400692725 0.4448584458134012
1.25 2.0 1.0415882526360187 0.33825906363019526
1.25 2.5 1.0252165260335429 0.45731186280973446
1.25 3.0 1.0058096882642622 0.6210238666676592
1.25 3.5 1.0033336527536836 0.6914798055955618
1.25 4.0 1.0054434490878976 0.8053608068060422
1.25 4.5 1.013969944277384 0.8436804559726397
1.25 5.0 0.9943741740022662 1.149123672036482
1.25 5.5 1.020284254849563 1.0310569003749988
1.25 6.0 1.0200412338411262 1.226451670201356
1.25 6.5 1.0018565265236017 1.6229826563196708
1.25 7.0 1.0001687852885186 1.9585069845792948
1.25 7.5 1.0117444558426787 2.153515917241031
1.25 8.0 1.0047525405576216 2.615473195246447
1.50 0.5 0.9897775841780257 0.5683595693377905
1.50 1.0 0.9903825716474451 0.35830600012339986
1.50 1.5 0.9970095078151571 0.3867151054669916
1.50 2.0 1.0170925737188758 0.4279589269766313
1.50 2.5 0.9841421241686171 0.6493218032144037
1.50 3.0 0.9651848508590994 0.8844198509287036
1.50 3.5 1.0162869804424628 0.6726798036696328
1.50 4.0 1.0120748091167355 0.8279464823578375
1.50 4.5 0.9839973949581275 1.0772579463256635
1.50 5.0 1.010590898636316 0.9879472128212738
1.50 5.5 1.0151803989050807 1.1121657675902568
1.50 6.0 0.9961823269747024 1.4428443646156333
1.50 6.5 0.9773765158150888 1.7643247204994599
1.50 7.0 0.9987233319297533 1.7604206366638722
1.50 7.5 1.019124196040039 1.6487733261767796
1.50 8.0 0.9900170981430849 2.2445512317211826
1.75 0.5 0.98053425598895 0.7654488198292524
1.75 1.0 1.0096708058405035 0.3278742558985655
1.75 1.5 0.9643294296321571 0.4631002864137821
1.75 2.0 1.003046979117805 0.44426373548441084
1.75 2.5 0.9814269836286744 0.6571789725582913
1.75 3.0 1.0080340073090068 0.6541852432314537
1.75 3.5 0.9673995750058669 1.045432385412698
1.75 4.0 1.0246159260585204 0.7559031071405476
1.75 4.5 0.9681893504173017 1.3363627914580418
1.75 5.0 0.9705997750083578 1.439240501789976
1.75 5.5 0.9659700114308494 1.6325260239028927
1.75 6.0 0.9699597883204885 1.7272629712372176
1.75 6.5 0.9943488616895305 1.4928996671003218
1.75 7.0 1.0062546606194356 1.5947746902859221
1.75 7.5 0.9968280255642747 1.7867720797666395
1.75 8.0 0.9765936085968485 2.37766718466865
2.00 0.5 0.9921020373450835 0.8349709391744976
2.00 1.0 1.0106341530166378 0.3193848355289489
2.00 1.5 1.002755902284424 0.3304266376401632
2.00 2.0 1.006825070616768 0.3906144873734329
2.00 2.5 1.0321388252499855 0.4193763781017845
2.00 3.0 0.9994293149899361 0.6553874227997392
2.00 3.5 0.9701940803150461 1.0016289426713387
2.00 4.0 1.0035584599476528 0.9082803248773721
2.00 4.5 1.0393633094976322 0.819784757311211
2.00 5.0 1.013558293235113 1.1348370428573251
2.00 5.5 0.9996789198419491 1.2750260381533016
2.00 6.0 0.9889476212512133 1.5648693552322264
2.00 6.5 0.9869430009292358 1.6528599600727965
2.00 7.0 0.9950068209556899 1.7633396493014162
2.00 7.5 0.9516388300063002 2.596979698322286
2.00 8.0 0.9702372378158265 2.4566866121338893
2.25 0.5 1.0016484649777104 0.9230210793792423
2.25 1.0 0.9610708639705718 0.46707897373240426
2.25 1.5 0.9690162888734927 0.397568056163528
2.25 2.0 0.9978968475811436 0.387428763509599
2.25 2.5 0.999116645431448 0.4974459785815322
2.25 3.0 0.9873909146054269 0.6673870048543964
2.25 3.5 1.0048537773801067 0.7260019023797738
2.25 4.0 0.9783229343445321 1.0215846554607484
2.25 4.5 1.00596026691144 1.025941308522698
2.25 5.0 1.0088577990670768 1.1398013228849209
2.25 5.5 0.9791328963738718 1.5928657986300316
2.25 6.0 1.0145204725925923 1.3076564441530045
2.25 6.5 0.9957260672456479 1.724953764119951
2.25 7.0 1.0275629726638946 1.4627608212036232
2.25 7.5 1.0072323771124874 1.7636619494983616
2.25 8.0 1.0237816017901684 1.6607767978005692
2.50 0.5 1.011001648577903 1.013462406413351
2.50 1.0 0.9921517294424744 0.361933292192376
2.50 1.5 1.0062220220645572 0.27379817587754185
2.50 2.0 1.0384495467039943 0.2598197663284013
2.50 2.5 1.0328482499994993 0.3428396890185282
2.50 3.0 0.9909235008212899 0.5909074011740285
2.50 3.5 1.0102920041850647 0.6301412593854386
2.50 4.0 1.032957476604996 0.6487025308464267
2.50 4.5 0.9866519038501159 1.0511655645306797
2.50 5.0 0.9978497089954083 1.1883865121759016
2.50 5.5 0.9611950126563894 1.7960059457739135
2.50 6.0 1.0141216784050004 1.3075990299476767
2.50 6.5 1.0024007456078787 1.563702463813943
2.50 7.0 0.99109235445032 1.9460595685434943
2.50 7.5 0.9578078788540488 2.6143163058383254
2.50 8.0 1.0159849124085312 1.7939713761345564
2.75 0.5 1.0371500584086744 0.9959205738408059
2.75 1.0 1.0337851705622183 0.2746363606788303
2.75 1.5 1.0057860008858797 0.26104095910715186
2.75 2.0 1.020643189113712 0.26816093859051415
2.75 2.5 0.9897695784231499 0.4068094788149876
2.75 3.0 0.9754250990939809 0.5721059621387696
2.75 3.5 1.0204319153239374 0.5017850090610471
2.75 4.0 1.0234625298892346 0.6273870285128421
2.75 4.5 0.9679572555066175 1.162244410064334
2.75 5.0 1.0032715153390221 1.0292808759490737
2.75 5.5 0.9870770513011236 1.3672908770123484
2.75 6.0 1.0183254038592895 1.2493157108530242
2.75 6.5 0.9703944751236642 2.0566782059583333
2.75 7.0 0.9792583079648188 1.997019352141037
2.75 7.5 0.9913025867772582 2.0872898836879696
2.75 8.0 1.0253614637023836 1.7294343739718319
3.00 0.5 1.0034313614234835 1.4893516488243943
3.00 1.0 1.0124935390933263 0.3437033060791337
3.00 1.5 0.9956737855355625 0.2647344715462462
3.00 2.0 0.999881187592878 0.27732964303485996
3.00 2.5 1.0376026125617444 0.2552688354753783
3.00 3.0 0.9643844368447264 0.5625835128274788
3.00 3.5 1.0252588065905441 0.44233427059153446
3.00 4.0 0.9953757369658227 0.663905627906039
3.00 4.5 0.9786741769088994 0.9639752389739805
3.00 5.0 0.968147170995112 1.2286948903753607
3.00 5.5 1.0066955516920335 1.0910856892170497
3.00 6.0 1.0240636649994084 1.1130927639816557
3.00 6.5 1.0400216613369364 1.154972209270179
3.00 7.0 1.0054774132990478 1.7092618657977623
3.00 7.5 0.9617084919422201 2.4619448927239316
3.00 8.0 0.9941715415194614 2.1819884054179104
3.25 0.5 1.005433454772237 1.671058499094461
3.25 1.0 1.029688310590117 0.3010950058317169
3.25 1.5 1.0176294209216887 0.20944234246967525
3.25 2.0 1.0382253076790207 0.18609548857194247
3.25 2.5 0.9663216977410157 0.3918479002628193
3.25 3.0 0.9825770854096224 0.43498171983581185
3.25 3.5 1.020675971232217 0.40058189412882284
3.25 4.0 1.0093137544187591 0.5335006483045057
3.25 4.5 1.0375179459590242 0.5453919577240056
3.25 5.0 0.9990986894752326 0.8837745866238881
3.25 5.5 0.9841659348889842 1.1702383225825301
3.25 6.0 0.9766657208959574 1.5319507130154335
3.25 6.5 1.0085993953635792 1.3459964017908936
3.25 7.0 1.0075542668900392 1.5483718194430824
3.25 7.5 0.9903644629520587 1.9291570784515037
3.25 8.0 0.975553546842175 2.4325611697107474
3.50 0.5 0.9922512882654588 2.049905442522041
3.50 1.0 1.0095177709588594 0.36128588461241906
3.50 1.5 0.9935690889952097 0.22845504138804243
3.50 2.0 1.0412158409512493 0.1689393637005634
3.50 2.5 1.0252215118314918 0.22563533539254974
3.50 3.0 0.9980754498647361 0.3432403533975852
3.50 3.5 0.9894363897043267 0.4503419793094949
3.50 4.0 0.9639833321995388 0.6958418021558406
3.50 4.5 0.9567789691801721 0.8822005907110583
3.50 5.0 0.9920601842392572 0.8341864882565526
3.50 5.5 0.9825064755985563 1.0833527074472156
3.50 6.0 0.9769816909009423 1.3028159663918606
3.50 6.5 1.0057104439558393 1.2608157091687169
3.50 7.0 1.0288751867312829 1.239685059855869
3.50 7.5 0.9691897748994122 2.143738162121447
3.50 8.0 0.9956031006715973 2.07227576068867
3.75 0.5 1.030472139099933 1.7460981286134207
3.75 1.0 1.0200731350686976 0.3439522575191957
3.75 1.5 0.9959288758430926 0.21183313013843919
3.75 2.0 1.0180984629499792 0.17942313911933494
3.75 2.5 0.960063021123726 0.32911967428450123
3.75 3.0 0.957284550930097 0.4370704726164476
3.75 3.5 0.9734487429762909 0.46869109406456533
3.75 4.0 1.0035429118333445 0.4587547856709179
3.75 4.5 1.0189258261863663 0.5093920601270435
3.75 5.0 1.0619905520901134 0.4487088709282444
3.75 5.5 1.0011232266682297 0.8608258262818695
3.75 6.0 1.0362874676321634 0.7686769353577689
3.75 6.5 1.01463178287632 1.0482892337094747
3.75 7.0 1.0091811098439927 1.255497467082663
3.75 7.5 1.0331500875699362 1.2541730881231696
3.75 8.0 0.9811547290059119 2.1125235369986193
4.00 0.5 0.9927586857855549 2.6211947528963506
4.00 1.0 1.0267983787054908 0.33974606782788025
4.00 1.5 0.9938986190470165 0.2090755925992362
4.00 2.0 1.0495830967398718 0.1326717294991337
4.00 2.5 0.9728141435437617 0.2793686314424874
4.00 3.0 1.0344502885179647 0.21419781950554667
4.00 3.5 1.0201947022686073 0.2976456091843909
4.00 4.0 1.0027002748958818 0.42252342048859504
4.00 4.5 1.0301938185000001 0.40840816968892746
4.00 5.0 0.991816424940155 0.6586461770169755
4.00 5.5 0.9842803411563261 0.8198346823846787
4.00 6.0 1.0021948154445328 0.9042243012296582
4.00 6.5 0.9999527202031523 1.0727948455052445
4.00 7.0 1.0056076530106846 1.206234918586143
4.00 7.5 0.9877592238992954 1.5922812826045465
4.00 8.0 0.9884495606406432 1.8017684854169018
