1
2
4
8
16
32
64
128
256
512
1024
2048
4096
8192
16384
32768
65536
80001
80002
80004
80008
80016
80032
80064
80128
80256
80512
81024
82048
84096
88192
96384
112768
145536
160001
160002
160004
160008
160016
160032
160064
160128
160256
160512
161024
162048
164096
168192
176384
192768
225536
240001
240002
240004
240008
240016
240032
240064
240128
240256
240512
241024
242048
244096
248192
256384
272768
305536
320001
320002
320004
320008
320016
320032
320064
320128
320256
320512
321024
322048
324096
328192
336384
352768
385536
400001
400002
400004
400008
400016
400032
400064
400128
400256
400512
401024
402048
404096
408192
416384
432768
465536
480001
480002
480004
480008
480016
480032
480064
480128
480256
480512
481024
482048
484096
488192
496384
512768
545536
560001
560002
560004
560008
560016
560032
560064
560128
560256
560512
561024
562048
564096
568192
576384
592768
625536
640001
640002
640004
640008
640016
640032
640064
640128
640256
640512
641024
642048
644096
648192
656384
672768
705536
720001
720002
720004
720008
720016
720032
720064
720128
720256
720512
721024
722048
724096
728192
736384
752768
785536
800001
800002
800004
800008
800016
800032
800064
800128
800256
800512
801024
802048
804096
808192
816384
832768
865536
880001
880002
880004
880008
880016
880032
880064
880128
880256
880512
881024
882048
884096
888192
896384
912768
945536
960001
960002
960004
960008
960016
960032
960064
960128
960256
960512
961024
962048
964096
968192
976384
992768
1025536
1040001
1040002
1040004
1040008
1040016
1040032
1040064
1040128
1040256
1040512
1041024
1042048
1044096
1048192
1056384
1072768
1105536
1120001
1120002
1120004
1120008
1120016
1120032
1120064
1120128
1120256
1120512
1121024
1122048
1124096
1128192
1136384
1152768
1185536
1200001
1200002
1200004
1200008
1200016
1200032
1200064
1200128
1200256
1200512
1201024
1202048
1204096
1208192
1216384
1232768
1265536
1280001
1280002
1280004
1280008
1280016
1280032
1280064
1280128
1280256
1280512
1281024
1282048
1284096
1288192
1296384
1312768
1345536
1360001
1360002
1360004
1360008
1360016
1360032
1360064
1360128
1360256
1360512
1361024
1362048
1364096
1368192
1376384
1392768
1425536
1440001
1440002
1440004
1440008
1440016
1440032
1440064
1440128
1440256
1440512
1441024
1442048
1444096
1448192
1456384
1472768
1505536
1520001
1520002
1520004
1520008
1520016
1520032
1520064
1520128
1520256
1520512
1521024
1522048
1524096
1528192
1536384
1552768
1585536
1600001
1600002
1600004
1600008
1600016
1600032
1600064
1600128
1600256
1600512
1601024
1602048
1604096
1608192
1616384
1632768
1665536
1680001
1680002
1680004
1680008
1680016
1680032
1680064
1680128
1680256
1680512
1681024
1682048
1684096
1688192
1696384
1712768
1745536
1760001
1760002
1760004
1760008
1760016
1760032
1760064
1760128
1760256
1760512
1761024
1762048
1764096
1768192
1776384
1792768
1825536
1840001
1840002
1840004
1840008
1840016
1840032
1840064
1840128
1840256
1840512
1841024
1842048
1844096
1848192
1856384
1872768
1905536
1920001
1920002
1920004
1920008
1920016
1920032
1920064
1920128
1920256
1920512
1921024
1922048
1924096
1928192
1936384
1952768
1985536
2000001
2000002
2000004
2000008
2000016
2000032
2000064
2000128
2000256
2000512
2001024
2002048
2004096
2008192
2016384
2032768
2065536
2080001
2080002
2080004
2080008
2080016
2080032
2080064
2080128
2080256
2080512
2081024
2082048
2084096
2088192
2096384
2112768
2145536
2160001
2160002
2160004
2160008
2160016
2160032
2160064
2160128
2160256
2160512
2161024
2162048
2164096
2168192
2176384
2192768
2225536
2240001
2240002
2240004
2240008
2240016
2240032
2240064
2240128
2240256
2240512
2241024
2242048
2244096
2248192
2256384
2272768
2305536
2320001
2320002
2320004
2320008
2320016
2320032
2320064
2320128
2320256
2320512
2321024
2322048
2324096
2328192
2336384
2352768
2385536
2400001
2400002
2400004
2400008
2400016
2400032
2400064
2400128
2400256
2400512
2401024
2402048
2404096
2408192
2416384
2432768
2465536
2480001
2480002
2480004
2480008
2480016
2480032
2480064
2480128
2480256
2480512
2481024
2482048
2484096
2488192
2496384
2512768
2545536
2560001
2560002
2560004
2560008
2560016
2560032
2560064
2560128
2560256
2560512
2561024
2562048
2564096
2568192
2576384
2592768
2625536
2640001
2640002
2640004
2640008
2640016
2640032
2640064
2640128
2640256
2640512
2641024
2642048
2644096
2648192
2656384
2672768
2705536
2720001
2720002
2720004
2720008
2720016
2720032
2720064
2720128
2720256
2720512
2721024
2722048
2724096
2728192
2736384
2752768
2785536
2800001
2800002
2800004
2800008
2800016
2800032
2800064
2800128
2800256
2800512
2801024
2802048
2804096
2808192
2816384
2832768
2865536
2880001
2880002
2880004
2880008
2880016
2880032
2880064
2880128
2880256
2880512
2881024
2882048
2884096
2888192
2896384
2912768
2945536
2960001
2960002
2960004
2960008
2960016
2960032
2960064
2960128
2960256
2960512
2961024
2962048
2964096
2968192
2976384
2992768
3025536
3040001
3040002
3040004
3040008
3040016
3040032
3040064
3040128
3040256
3040512
3041024
3042048
3044096
3048192
3056384
3072768
3105536
3120001
3120002
3120004
3120008
3120016
3120032
3120064
3120128
3120256
3120512
3121024
3122048
3124096
3128192
3136384
3152768
3185536
3200001
3200002
3200004
3200008
3200016
3200032
3200064
3200128
3200256
3200512
3201024
3202048
3204096
3208192
3216384
3232768
3265536
3280001
3280002
3280004
3280008
3280016
3280032
3280064
3280128
3280256
3280512
3281024
3282048
3284096
3288192
3296384
3312768
3345536
3360001
3360002
3360004
3360008
3360016
3360032
3360064
3360128
3360256
3360512
3361024
3362048
3364096
3368192
3376384
3392768
3425536
3440001
3440002
3440004
3440008
3440016
3440032
3440064
3440128
3440256
3440512
3441024
3442048
3444096
3448192
3456384
3472768
3505536
3520001
3520002
3520004
3520008
3520016
3520032
3520064
3520128
3520256
3520512
3521024
3522048
3524096
3528192
3536384
3552768
3585536
3600001
3600002
3600004
3600008
3600016
3600032
3600064
3600128
3600256
3600512
3601024
3602048
3604096
3608192
3616384
3632768
3665536
3680001
3680002
3680004
3680008
3680016
3680032
3680064
3680128
3680256
3680512
3681024
3682048
3684096
3688192
3696384
3712768
3745536
3760001
3760002
3760004
3760008
3760016
3760032
3760064
3760128
3760256
3760512
3761024
3762048
3764096
3768192
3776384
3792768
3825536
3840001
3840002
3840004
3840008
3840016
3840032
3840064
3840128
3840256
3840512
3841024
3842048
3844096
3848192
3856384
3872768
3905536
3920001
3920002
3920004
3920008
3920016
3920032
3920064
3920128
3920256
3920512
3921024
3922048
3924096
3928192
3936384
3952768
3985536
4000001
4000002
4000004
4000008
4000016
4000032
4000064
4000128
4000256
4000512
4001024
4002048
4004096
4008192
4016384
4032768
4065536
4080001
4080002
4080004
4080008
4080016
4080032
4080064
4080128
4080256
4080512
4081024
4082048
4084096
4088192
4096384
4112768
4145536
4160001
4160002
4160004
4160008
4160016
4160032
4160064
4160128
4160256
4160512
4161024
4162048
4164096
4168192
4176384
4192768
4225536
4240001
4240002
4240004
4240008
4240016
4240032
4240064
4240128
4240256
4240512
4241024
4242048
4244096
4248192
4256384
4272768
4305536
4320001
4320002
4320004
4320008
4320016
4320032
4320064
4320128
4320256
4320512
4321024
4322048
4324096
4328192
4336384
4352768
4385536
4400001
4400002
4400004
4400008
4400016
4400032
4400064
4400128
4400256
4400512
4401024
4402048
4404096
4408192
4416384
4432768
4465536
4480001
4480002
4480004
4480008
4480016
4480032
4480064
4480128
4480256
4480512
4481024
4482048
4484096
4488192
4496384
4512768
4545536
4560001
4560002
4560004
4560008
4560016
4560032
4560064
4560128
4560256
4560512
4561024
4562048
4564096
4568192
4576384
4592768
4625536
4640001
4640002
4640004
4640008
4640016
4640032
4640064
4640128
4640256
4640512
4641024
4642048
4644096
4648192
4656384
4672768
4705536
4720001
4720002
4720004
4720008
4720016
4720032
4720064
4720128
4720256
4720512
4721024
4722048
4724096
4728192
4736384
4752768
4785536
4800001
4800002
4800004
4800008
4800016
4800032
4800064
4800128
4800256
4800512
4801024
4802048
4804096
4808192
4816384
4832768
4865536
4880001
4880002
4880004
4880008
4880016
4880032
4880064
4880128
4880256
4880512
4881024
4882048
4884096
4888192
4896384
4912768
4945536
4960001
4960002
4960004
4960008
4960016
4960032
4960064
4960128
4960256
4960512
4961024
4962048
4964096
4968192
4976384
4992768
5025536
5040001
5040002
5040004
5040008
5040016
5040032
5040064
5040128
5040256
5040512
5041024
5042048
5044096
5048192
5056384
5072768
5105536
5120001
5120002
5120004
5120008
5120016
5120032
5120064
5120128
5120256
5120512
5121024
5122048
5124096
5128192
5136384
5152768
5185536
5200001
5200002
5200004
5200008
5200016
5200032
5200064
5200128
5200256
5200512
5201024
5202048
5204096
5208192
5216384
5232768
5265536
5280001
5280002
5280004
5280008
5280016
5280032
5280064
5280128
5280256
5280512
5281024
5282048
5284096
5288192
5296384
5312768
5345536
5360001
5360002
5360004
5360008
5360016
5360032
5360064
5360128
5360256
5360512
5361024
5362048
5364096
5368192
5376384
5392768
5425536
5440001
5440002
5440004
5440008
5440016
5440032
5440064
5440128
5440256
5440512
5441024
5442048
5444096
5448192
5456384
5472768
5505536
5520001
5520002
5520004
5520008
5520016
5520032
5520064
5520128
5520256
5520512
5521024
5522048
5524096
5528192
5536384
5552768
5585536
5600001
5600002
5600004
5600008
5600016
5600032
5600064
5600128
5600256
5600512
5601024
5602048
5604096
5608192
5616384
5632768
5665536
5680001
5680002
5680004
5680008
5680016
5680032
5680064
5680128
5680256
5680512
5681024
5682048
5684096
5688192
5696384
5712768
5745536
5760001
5760002
5760004
5760008
5760016
5760032
5760064
5760128
5760256
5760512
5761024
5762048
5764096
5768192
5776384
5792768
5825536
5840001
5840002
5840004
5840008
5840016
5840032
5840064
5840128
5840256
5840512
5841024
5842048
5844096
5848192
5856384
5872768
5905536
5920001
5920002
5920004
5920008
5920016
5920032
5920064
5920128
5920256
5920512
5921024
5922048
5924096
5928192
5936384
5952768
5985536
6000001
6000002
6000004
6000008
6000016
6000032
6000064
6000128
6000256
6000512
6001024
6002048
6004096
6008192
6016384
6032768
6065536
6080001
6080002
6080004
6080008
6080016
6080032
6080064
6080128
6080256
6080512
6081024
6082048
6084096
6088192
6096384
6112768
6145536
6160001
6160002
6160004
6160008
6160016
6160032
6160064
6160128
6160256
6160512
6161024
6162048
6164096
6168192
6176384
6192768
6225536
6240001
6240002
6240004
6240008
6240016
6240032
6240064
6240128
6240256
6240512
6241024
6242048
6244096
6248192
6256384
6272768
6305536
6320001
6320002
6320004
6320008
6320016
6320032
6320064
6320128
6320256
6320512
6321024
6322048
6324096
6328192
6336384
6352768
6385536
6400001
6400002
6400004
6400008
6400016
6400032
6400064
6400128
6400256
6400512
6401024
6402048
6404096
6408192
6416384
6432768
6465536
6480001
6480002
6480004
6480008
6480016
6480032
6480064
6480128
6480256
6480512
6481024
6482048
6484096
6488192
6496384
6512768
6545536
6560001
6560002
6560004
6560008
6560016
6560032
6560064
6560128
6560256
6560512
6561024
6562048
6564096
6568192
6576384
6592768
6625536
6640001
6640002
6640004
6640008
6640016
6640032
6640064
6640128
6640256
6640512
6641024
6642048
6644096
6648192
6656384
6672768
6705536
6720001
6720002
6720004
6720008
6720016
6720032
6720064
6720128
6720256
6720512
6721024
6722048
6724096
6728192
6736384
6752768
6785536
6800001
6800002
6800004
6800008
6800016
6800032
6800064
6800128
6800256
6800512
6801024
6802048
6804096
6808192
6816384
6832768
6865536
6880001
6880002
6880004
6880008
6880016
6880032
6880064
6880128
6880256
6880512
6881024
6882048
6884096
6888192
6896384
6912768
6945536
6960001
6960002
6960004
6960008
6960016
6960032
6960064
6960128
6960256
6960512
6961024
6962048
6964096
6968192
6976384
6992768
7025536
7040001
7040002
7040004
7040008
7040016
7040032
7040064
7040128
7040256
7040512
7041024
7042048
7044096
7048192
7056384
7072768
7105536
7120001
7120002
7120004
7120008
7120016
7120032
7120064
7120128
7120256
7120512
7121024
7122048
7124096
7128192
7136384
7152768
7185536
7200001
7200002
7200004
7200008
7200016
7200032
7200064
7200128
7200256
7200512
7201024
7202048
7204096
7208192
7216384
7232768
7265536
7280001
7280002
7280004
7280008
7280016
7280032
7280064
7280128
7280256
7280512
7281024
7282048
7284096
7288192
7296384
7312768
7345536
7360001
7360002
7360004
7360008
7360016
7360032
7360064
7360128
7360256
7360512
7361024
7362048
7364096
7368192
7376384
7392768
7425536
7440001
7440002
7440004
7440008
7440016
7440032
7440064
7440128
7440256
7440512
7441024
7442048
7444096
7448192
7456384
7472768
7505536
7520001
7520002
7520004
7520008
7520016
7520032
7520064
7520128
7520256
7520512
7521024
7522048
7524096
7528192
7536384
7552768
7585536
7600001
7600002
7600004
7600008
7600016
7600032
7600064
7600128
7600256
7600512
7601024
7602048
7604096
7608192
7616384
7632768
7665536
7680001
7680002
7680004
7680008
7680016
7680032
7680064
7680128
7680256
7680512
7681024
7682048
7684096
7688192
7696384
7712768
7745536
7760001
7760002
7760004
7760008
7760016
7760032
7760064
7760128
7760256
7760512
7761024
7762048
7764096
7768192
7776384
7792768
7825536
7840001
7840002
7840004
7840008
7840016
7840032
7840064
7840128
7840256
7840512
7841024
7842048
7844096
7848192
7856384
7872768
7905536
7920001
7920002
7920004
7920008
7920016
7920032
7920064
7920128
7920256
7920512
7921024
7922048
7924096
7928192
7936384
7952768
7985536
8000001
8000002
8000004
8000008
8000016
8000032
8000064
8000128
8000256
8000512
8001024
8002048
8004096
8008192
8016384
8032768
8065536
8080001
8080002
8080004
8080008
8080016
8080032
8080064
8080128
8080256
8080512
8081024
8082048
8084096
8088192
8096384
8112768
8145536
8160001
8160002
8160004
8160008
8160016
8160032
8160064
8160128
8160256
8160512
8161024
8162048
8164096
8168192
8176384
8192768
8225536
8240001
8240002
8240004
8240008
8240016
8240032
8240064
8240128
8240256
8240512
8241024
8242048
8244096
8248192
8256384
8272768
8305536
8320001
8320002
8320004
8320008
8320016
8320032
8320064
8320128
8320256
8320512
8321024
8322048
8324096
8328192
8336384
8352768
8385536
8400001
8400002
8400004
8400008
8400016
8400032
8400064
8400128
8400256
8400512
8401024
8402048
8404096
8408192
8416384
8432768
8465536
8480001
8480002
8480004
8480008
8480016
8480032
8480064
8480128
8480256
8480512
8481024
8482048
8484096
8488192
8496384
8512768
8545536
8560001
8560002
8560004
8560008
8560016
8560032
8560064
8560128
8560256
8560512
8561024
8562048
8564096
8568192
8576384
8592768
8625536
8640001
8640002
8640004
8640008
8640016
8640032
8640064
8640128
8640256
8640512
8641024
8642048
8644096
8648192
8656384
8672768
8705536
8720001
8720002
8720004
8720008
8720016
8720032
8720064
8720128
8720256
8720512
8721024
8722048
8724096
8728192
8736384
8752768
8785536
8800001
8800002
8800004
8800008
8800016
8800032
8800064
8800128
8800256
8800512
8801024
8802048
8804096
8808192
8816384
8832768
8865536
8880001
8880002
8880004
8880008
8880016
8880032
8880064
8880128
8880256
8880512
8881024
8882048
8884096
8888192
8896384
8912768
8945536
8960001
8960002
8960004
8960008
8960016
8960032
8960064
8960128
8960256
8960512
8961024
8962048
8964096
8968192
8976384
8992768
9025536
9040001
9040002
9040004
9040008
9040016
9040032
9040064
9040128
9040256
9040512
9041024
9042048
9044096
9048192
9056384
9072768
9105536
9120001
9120002
9120004
9120008
9120016
9120032
9120064
9120128
9120256
9120512
9121024
9122048
9124096
9128192
9136384
9152768
9185536
9200001
9200002
9200004
9200008
9200016
9200032
9200064
9200128
9200256
9200512
9201024
9202048
9204096
9208192
9216384
9232768
9265536
9280001
9280002
9280004
9280008
9280016
9280032
9280064
9280128
9280256
9280512
9281024
9282048
9284096
9288192
9296384
9312768
9345536
9360001
9360002
9360004
9360008
9360016
9360032
9360064
9360128
9360256
9360512
9361024
9362048
9364096
9368192
9376384
9392768
9425536
9440001
9440002
9440004
9440008
9440016
9440032
9440064
9440128
9440256
9440512
9441024
9442048
9444096
9448192
9456384
9472768
9505536
9520001
9520002
9520004
9520008
9520016
9520032
9520064
9520128
9520256
9520512
9521024
9522048
9524096
9528192
9536384
9552768
9585536
9600001
9600002
9600004
9600008
9600016
9600032
9600064
9600128
9600256
9600512
9601024
9602048
9604096
9608192
9616384
9632768
9665536
9680001
9680002
9680004
9680008
9680016
9680032
9680064
9680128
9680256
9680512
9681024
9682048
9684096
9688192
9696384
9712768
9745536
9760001
9760002
9760004
9760008
9760016
9760032
9760064
9760128
9760256
9760512
9761024
9762048
9764096
9768192
9776384
9792768
9825536
9840001
9840002
9840004
9840008
9840016
9840032
9840064
9840128
9840256
9840512
9841024
9842048
9844096
9848192
9856384
9872768
9905536
9920001
9920002
9920004
9920008
9920016
9920032
9920064
9920128
9920256
9920512
9921024
9922048
9924096
9928192
9936384
9952768
9985536
