# Ps Pf beta Deff
0.25 0.5 1.0156932724123682 0.05341950690615403
0.25 1.0 1.0004414382771882 0.11823008438225377
0.25 1.5 0.9450985454429089 0.3564413329705527
0.25 2.0 0.9679541927018831 0.5517288500197907
0.25 2.5 1.0133159280571546 0.683325783464143
0.25 3.0 0.9872328648884635 1.2892968351111151
0.25 3.5 1.0316129558310763 1.3753235386842977
0.25 4.0 0.9552957763689907 3.4085136842955595
0.25 4.5 0.9762274056778028 3.777170199446131
0.25 5.0 0.9713247477026669 5.0280114301121195
0.25 5.5 1.0340338928179695 3.9688180782618563
0.25 6.0 0.9817337460130778 7.496399130796193
0.25 6.5 0.9525639887323541 11.04099181388382
0.25 7.0 0.9941872420339982 9.307034009836679
0.25 7.5 1.0144194503273034 9.610688880733582
0.25 8.0 1.0262386164360482 10.052657868096489
0.50 0.5 0.9866863143216676 0.11330197233407982
0.50 1.0 1.01426425575586 0.09478557002866063
0.50 1.5 1.0056912852356945 0.12118167182992112
0.50 2.0 1.0098826839536845 0.17307209620577246
0.50 2.5 1.0068870722790921 0.28640489401025476
0.50 3.0 0.989859157038341 0.5358258976108699
0.50 3.5 0.9967086478583815 0.7866024924892033
0.50 4.0 0.9666167597581986 1.5445366360372097
0.50 4.5 1.007476688635806 1.573728400168022
0.50 5.0 0.9968227672747676 2.359695269445318
0.50 5.5 1.0117292884782274 2.86180917470211
0.50 6.0 0.9725833436120626 4.9613650580845405
0.50 6.5 0.980144382793776 5.727854980217701
0.50 7.0 0.977077176482975 7.205512386932644
0.50 7.5 1.0057472650607773 7.364473620867816
0.50 8.0 0.9730289641205551 10.553762930420499
0.75 0.5 0.9747760624030918 0.22991657385184552
0.75 1.0 0.9726158240638758 0.1700912309585244
0.75 1.5 0.9856711324313701 0.1403799450779165
0.75 2.0 0.9703535022503651 0.17430030817569264
0.75 2.5 1.0191700518737126 0.1468897197937331
0.75 3.0 1.0036086786993885 0.21629604981596628
0.75 3.5 1.007201596883309 0.3257746962829384
0.75 4.0 1.0017107463047286 0.5044735452834851
0.75 4.5 1.009691336602619 0.7251553365987622
0.75 5.0 0.9773352641640353 1.3129280177244094
0.75 5.5 1.0045453651446954 1.5342511549587134
0.75 6.0 1.0047996042128464 2.0646859241803748
0.75 6.5 1.0127908376040167 2.5622367774789563
0.75 7.0 0.9994819521658763 3.718953833227586
0.75 7.5 0.979433829325103 5.414213801228276
0.75 8.0 0.9502327064836649 8.345210673763713
1.00 0.5 0.9967811562418271 0.31617394523307896
1.00 1.0 1.0301665271676037 0.14397410452655923
1.00 1.5 1.0474943690572034 0.10918678461423031
1.00 2.0 0.9884095736383204 0.16321337865609176
1.00 2.5 0.9807520023383183 0.17329410696336345
1.00 3.0 1.0063790362090053 0.15036090361316062
1.00 3.5 1.0031020824695676 0.18452529596788128
1.00 4.0 0.9893587961176772 0.2778729737714116
1.00 4.5 1.0116181086770049 0.3211643861804075
1.00 5.0 1.058329622581049 0.34067245788095807
1.00 5.5 1.005978329771698 0.7087587714671149
1.00 6.0 1.007790198670132 1.0345817642503143
1.00 6.5 0.9957899953787732 1.5245887834624978
1.00 7.0 1.020868713675395 1.7193911024904207
1.00 7.5 0.9933572311797125 2.7201783091823755
1.00 8.0 0.9781666886183106 3.9627934535426776
1.25 0.5 0.991977934288109 0.4693194735764626
1.25 1.0 0.9825841894730306 0.25244791030719305
1.25 1.5 1.006455599137813 0.1687526006527979
1.25 2.0 0.9954097372495875 0.16984927078100193
1.25 2.5 0.9769498518270193 0.19286090792752802
1.25 3.0 1.0173766163617823 0.13393798374308669
1.25 3.5 0.994621137957374 0.16873439036772342
1.25 4.0 0.9702796091263596 0.23172551551821133
1.25 4.5 0.9992870747623314 0.21870378193345882
1.25 5.0 1.0276360746678994 0.23299064186066717
1.25 5.5 0.9796788217493242 0.4407889835463231
1.25 6.0 1.000954689570621 0.5330580179987492
1.25 6.5 0.9925436301282686 0.7831445842341077
1.25 7.0 0.9851665508809345 1.1542444307855722
1.25 7.5 0.9809400960595436 1.6318937847132584
1.25 8.0 0.9742896067971417 2.3073946121685602
1.50 0.5 1.047157471805234 0.4346613455973497
1.50 1.0 0.9555407481124245 0.3941978084094964
1.50 1.5 0.9811329140894544 0.2170438622317159
1.50 2.0 0.9933223076342946 0.1833715310595341
1.50 2.5 0.98042821319944 0.19694276595218366
1.50 3.0 1.0056537408112047 0.15820256616230044
1.50 3.5 1.0224461686569808 0.14067866827717412
1.50 4.0 1.0040579411788488 0.16405247836045578
1.50 4.5 0.9826536817868488 0.21310904126008645
1.50 5.0 1.0046612849989762 0.19694440435523616
1.50 5.5 0.9908607274350174 0.2505770228314702
1.50 6.0 1.0256610257681396 0.2431896409832956
1.50 6.5 0.9850907818717386 0.4418980564902857
1.50 7.0 1.0240139073268062 0.4554042059860188
1.50 7.5 1.0229067794219764 0.6209712366962437
1.50 8.0 0.974552280409591 1.2222716360818482
1.75 0.5 1.0167705060570318 0.7425102137716023
1.75 1.0 0.9786847172837572 0.378824959555158
1.75 1.5 0.9891824912941506 0.21156902922049775
1.75 2.0 1.0267930343707388 0.1416522200321461
1.75 2.5 1.0003117603855847 0.16683047952981023
1.75 3.0 0.9771769340164201 0.1932313918280464
1.75 3.5 1.0094039553690668 0.16106232957248054
1.75 4.0 0.9502923376930636 0.2527965376830571
1.75 4.5 0.9971148545209264 0.1838144927639061
1.75 5.0 1.0254855814600836 0.1541979530302753
1.75 5.5 0.9833357713724802 0.22936652349631415
1.75 6.0 1.014744517616251 0.19652705143004415
1.75 6.5 0.9919914749417829 0.2699407331942309
1.75 7.0 0.9793190411375403 0.3762809317001664
1.75 7.5 0.9654669130407721 0.5515738303895524
1.75 8.0 0.9747095214628078 0.6671275636872396
2.00 0.5 1.0369787266020851 0.8149602726725897
2.00 1.0 0.9702967945395897 0.47003293285201814
2.00 1.5 0.9655882896656875 0.2677333179068774
2.00 2.0 1.0124592445359815 0.15330673058487593
2.00 2.5 1.0004302046666873 0.16201242330466262
2.00 3.0 0.9814554624195597 0.19050672277001143
2.00 3.5 0.9924383688248875 0.1745743186862231
2.00 4.0 0.9668054213846926 0.2271302546562682
2.00 4.5 1.0060347511572705 0.17782042273657733
2.00 5.0 1.0086459573169162 0.17182781883883302
2.00 5.5 0.9868746359824229 0.20939295960488255
2.00 6.0 0.9906697539673466 0.21681314523103312
2.00 6.5 0.9860638188725495 0.23500300052330367
2.00 7.0 1.0185975449769327 0.20960270915628157
2.00 7.5 0.9715672139697411 0.3451727108793955
2.00 8.0 1.0293771725926895 0.28148085858759725
2.25 0.5 0.9533664168574564 1.7864234712256368
2.25 1.0 0.9625843145158703 0.5835368436267776
2.25 1.5 1.040746662765345 0.16793893834408347
2.25 2.0 1.0117626168788056 0.15983490458354582
2.25 2.5 1.0069057641553705 0.14439516774775063
2.25 3.0 0.9807155946549917 0.18659354546106527
2.25 3.5 1.0057129645733023 0.15105479656617316
2.25 4.0 0.9886258464791362 0.18191845658808672
2.25 4.5 1.0017887599222763 0.17334819204283244
2.25 5.0 0.9681705109111078 0.23086120402600288
2.25 5.5 1.0153177141894965 0.1697530653264371
2.25 6.0 0.9757700034878266 0.23913750843942694
2.25 6.5 1.0178860351637693 0.1811062273224058
2.25 7.0 1.0291146151417214 0.1739016239374919
2.25 7.5 1.0199169365573315 0.1995687644770178
2.25 8.0 1.011063312041291 0.23827162221063303
2.50 0.5 0.9631109408264098 2.1015867700346273
2.50 1.0 1.037742513462227 0.3831955942702489
2.50 1.5 0.9746354285970733 0.2840555304265413
2.50 2.0 1.008145658450046 0.1590455459094843
2.50 2.5 0.9908213956463268 0.1657716073827726
2.50 3.0 0.9756732776234358 0.1715629535945108
2.50 3.5 0.9711909005415114 0.1893664815374138
2.50 4.0 1.010792682197007 0.14706773866139278
2.50 4.5 0.9655233695775651 0.222110423900744
2.50 5.0 0.9871856935816008 0.1906179313328641
2.50 5.5 0.997738713871483 0.19133869589593616
2.50 6.0 1.0086234406938632 0.1823645767214198
2.50 6.5 0.999081791114458 0.20935428590346006
2.50 7.0 1.0158896944886677 0.18948711868861998
2.50 7.5 0.9940457403215568 0.227537777189843
2.50 8.0 1.013019385350093 0.2061538761759468
2.75 0.5 0.9884903294994107 2.093182607849127
2.75 1.0 1.0147147187538206 0.53041986418179
2.75 1.5 1.0379862584108543 0.19548393518556345
2.75 2.0 1.0168595203552206 0.14840242202088744
2.75 2.5 0.9961286525316686 0.14819426444282163
2.75 3.0 0.9910767923216891 0.15031870694922006
2.75 3.5 1.0219456542323746 0.11902054291127291
2.75 4.0 0.9766098806843031 0.17554819277172687
2.75 4.5 1.022699675011474 0.12869503058225865
2.75 5.0 1.0240042855721443 0.13794332769568346
2.75 5.5 0.9867971358591877 0.20042962070824122
2.75 6.0 1.0154301089519209 0.169225565492453
2.75 6.5 0.967199339014201 0.24766045603910586
2.75 7.0 1.0032778307462902 0.2037565452804496
2.75 7.5 0.998651767036137 0.21965993524947622
2.75 8.0 0.9962423224087691 0.2223658097120974
3.00 0.5 0.9866456541578914 2.519033786103919
3.00 1.0 1.004231122611637 0.6473604035323867
3.00 1.5 1.0077709057668967 0.25810623630687185
3.00 2.0 0.9885914789503101 0.18150397399330356
3.00 2.5 1.0203246176912113 0.11717779810352288
3.00 3.0 0.9623683183679562 0.1686268831648561
3.00 3.5 0.9900592982987966 0.1416227708734267
3.00 4.0 0.9993458998959658 0.13652936692978876
3.00 4.5 1.0089090169222579 0.13503703794075295
3.00 5.0 0.9916218390612817 0.16644476732974328
3.00 5.5 1.0041781069863773 0.16395391393213252
3.00 6.0 0.9633349319570159 0.23260819815484243
3.00 6.5 0.9347775741031896 0.2987951728806199
3.00 7.0 1.0208078329630321 0.1681713393840019
3.00 7.5 0.994098337205475 0.21479387826591292
3.00 8.0 0.9995940156742131 0.22258920215052405
3.25 0.5 0.995033113951945 2.818553364822295
3.25 1.0 0.9714329516433511 0.9398824940327489
3.25 1.5 1.0341660432136521 0.22843803247141442
3.25 2.0 0.9739449175976624 0.19861174273888588
3.25 2.5 1.004573563677997 0.13030423311033532
3.25 3.0 1.0045266682149887 0.11787676467437772
3.25 3.5 1.0114360166296916 0.11252320557519382
3.25 4.0 0.961742322168617 0.16804605742428025
3.25 4.5 0.9990656937544323 0.13092699321473006
3.25 5.0 0.9732395347983492 0.1682821321203996
3.25 5.5 1.0175890363798228 0.13326432650708256
3.25 6.0 1.0056123786570523 0.15485514391840824
3.25 6.5 1.0385164782760468 0.13472907858842434
3.25 7.0 1.0083355075463063 0.17267483278205834
3.25 7.5 1.0168230505498077 0.17531725310228233
3.25 8.0 0.9984846188788142 0.20883877876413087
3.50 0.5 0.989356688854148 3.3789183426999037
3.50 1.0 0.9787850656188222 1.0100675268227406
3.50 1.5 0.9742386361259576 0.40200688168384563
3.50 2.0 0.9857153007157888 0.19819967395780566
3.50 2.5 0.9734611631407569 0.1543583001388892
3.50 3.0 1.0324705078111607 0.0885215614949931
3.50 3.5 0.9876593788110261 0.1245823238366772
3.50 4.0 1.0249632551204002 0.0969813726921883
3.50 4.5 0.9939118680023034 0.12907974074501324
3.50 5.0 1.0329361911917816 0.10153886579673407
3.50 5.5 0.9904419324647371 0.15112235300322077
3.50 6.0 0.9852597105510732 0.170492834178615
3.50 6.5 0.9854653584772277 0.18224542756316406
3.50 7.0 0.9583002069493822 0.2442281047782377
3.50 7.5 0.9786730990323714 0.22505033859754214
3.50 8.0 0.9939989189533873 0.20269005640179988
3.75 0.5 1.0624588504092118 2.225659391996004
3.75 1.0 1.0051748010984938 0.9689898783143523
3.75 1.5 1.002364620804087 0.32796764889446123
3.75 2.0 1.037388703654693 0.13513584680836352
3.75 2.5 0.9732322206179032 0.15607860459266873
3.75 3.0 1.0222191585065785 0.09312791836999759
3.75 3.5 1.0237548899288638 0.08685819409004115
3.75 4.0 0.9769535773494595 0.12457946581866293
3.75 4.5 1.0471237182430098 0.080437622246203
3.75 5.0 1.005574390002703 0.11551893714876572
3.75 5.5 1.019868173994676 0.11170112236820194
3.75 6.0 1.0080931557275343 0.1302134622717266
3.75 6.5 1.0065783313312273 0.14390759837360176
3.75 7.0 0.9944319202808098 0.1751958999298669
3.75 7.5 1.0534144598179411 0.11484037262196375
3.75 8.0 1.0146113097487728 0.1677367330745428
4.00 0.5 1.01325241667967 3.6593478911765405
4.00 1.0 0.9960688120476165 1.1131585977287728
4.00 1.5 1.0453217288842982 0.26444646608955785
4.00 2.0 1.0347111269242548 0.1428154427168065
4.00 2.5 1.022124929106046 0.11027215980363113
4.00 3.0 0.9739634728663751 0.13055892911120356
4.00 3.5 1.0135630782858858 0.09127286286437879
4.00 4.0 0.9956076937750468 0.10666790278480251
4.00 4.5 0.9860336977055721 0.11447627665475764
4.00 5.0 1.0210439971604308 0.09601813551965929
4.00 5.5 0.9843900912519273 0.1281574497224685
4.00 6.0 1.0207099371442552 0.11092124345696619
4.00 6.5 1.0313154368251691 0.11271918936598592
4.00 7.0 0.9958545969496417 0.15850068016488567
4.00 7.5 0.9914638795456479 0.17817889013135754
4.00 8.0 1.0232676132283123 0.15615873033688407
