# Ps Pf mean_vx
0.25 0.5 1.1734645937983075
0.25 1.0 2.540244705697481
0.25 1.5 3.958538194256774
0.25 2.0 5.339693508887333
0.25 2.5 6.808017857397684
0.25 3.0 8.071638664745397
0.25 3.5 9.46759746672902
0.25 4.0 10.86784489348492
0.25 4.5 12.146841132194957
0.25 5.0 13.401800401324472
0.25 5.5 14.843054124233943
0.25 6.0 16.209492249590458
0.25 6.5 17.523600459845365
0.25 7.0 18.76852575313715
0.25 7.5 20.101816351244697
0.25 8.0 21.52608976735422
0.50 0.5 0.3187348125856933
0.50 1.0 0.9908504815681065
0.50 1.5 1.7266266117557476
0.50 2.0 2.50575173199523
0.50 2.5 3.248387533617213
0.50 3.0 4.064265101784518
0.50 3.5 4.756927630617387
0.50 4.0 5.497335900502081
0.50 4.5 6.141090221794049
0.50 5.0 6.843410838837128
0.50 5.5 7.4933102699316025
0.50 6.0 8.18364059925232
0.50 6.5 8.912320314597629
0.50 7.0 9.581120036768384
0.50 7.5 10.248937077548469
0.50 8.0 10.8367221753494
0.75 0.5 0.05260759332506932
0.75 1.0 0.40930510093074646
0.75 1.5 0.9226222674245167
0.75 2.0 1.482484656649576
0.75 2.5 2.060959619673121
0.75 3.0 2.572547135177365
0.75 3.5 3.0688113387469205
0.75 4.0 3.6041205920968555
0.75 4.5 4.114149618487701
0.75 5.0 4.559624491076479
0.75 5.5 5.0269906475018455
0.75 6.0 5.5347985705123675
0.75 6.5 5.9691598331396305
0.75 7.0 6.411850539983994
0.75 7.5 6.906230132275323
0.75 8.0 7.3306842183278285
1.00 0.5 -0.09173918177023505
1.00 1.0 0.09271063720713874
1.00 1.5 0.46334487783314493
1.00 2.0 0.8923344071764894
1.00 2.5 1.3158051718204786
1.00 3.0 1.7835215076684552
1.00 3.5 2.1767310411429857
1.00 4.0 2.5997436299613783
1.00 4.5 2.997337545164828
1.00 5.0 3.380728492742498
1.00 5.5 3.766047970546942
1.00 6.0 4.125325306298152
1.00 6.5 4.484045661872328
1.00 7.0 4.872287661024134
1.00 7.5 5.201677663183339
1.00 8.0 5.564528220289836
1.25 0.5 -0.20295496188035167
1.25 1.0 -0.0702182292278535
1.25 1.5 0.19890399000048703
1.25 2.0 0.541336149294671
1.25 2.5 0.8944465341169083
1.25 3.0 1.2255957349238082
1.25 3.5 1.606705926816939
1.25 4.0 1.9539545562123055
1.25 4.5 2.2880488128438374
1.25 5.0 2.6213340017361593
1.25 5.5 2.9242938245076364
1.25 6.0 3.2573277077275433
1.25 6.5 3.59354163549117
1.25 7.0 3.891209551762761
1.25 7.5 4.192768721929134
1.25 8.0 4.466162989690652
1.50 0.5 -0.24234700583083515
1.50 1.0 -0.21854034962688795
1.50 1.5 0.016219789427341768
1.50 2.0 0.26543274850159804
1.50 2.5 0.5639823601345153
1.50 3.0 0.8715131381773095
1.50 3.5 1.1700146010582086
1.50 4.0 1.4781228436677354
1.50 4.5 1.7726493009529285
1.50 5.0 2.070655622026166
1.50 5.5 2.3599273049604537
1.50 6.0 2.644838790011204
1.50 6.5 2.941539989717001
1.50 7.0 3.1753779914768763
1.50 7.5 3.4424196898421022
1.50 8.0 3.7070796154186727
1.75 0.5 -0.2762453000112517
1.75 1.0 -0.27727058378669783
1.75 1.5 -0.12038411794724836
1.75 2.0 0.08494159018814798
1.75 2.5 0.3441353232428221
1.75 3.0 0.5932630563303188
1.75 3.5 0.8452929103646785
1.75 4.0 1.1294363832840617
1.75 4.5 1.381495269895606
1.75 5.0 1.6429387525318864
1.75 5.5 1.9183498917010593
1.75 6.0 2.152673889715448
1.75 6.5 2.424084701250276
1.75 7.0 2.681565762659372
1.75 7.5 2.8979619469075986
1.75 8.0 3.1351125659898726
2.00 0.5 -0.3167931283578586
2.00 1.0 -0.33592105151619694
2.00 1.5 -0.2086369773321984
2.00 2.0 -0.03961570158390281
2.00 2.5 0.16883333576391377
2.00 3.0 0.3845326321773777
2.00 3.5 0.617127619263836
2.00 4.0 0.8561696229896957
2.00 4.5 1.087700327954439
2.00 5.0 1.316080012643261
2.00 5.5 1.5434394831902334
2.00 6.0 1.7958293440464619
2.00 6.5 2.0095171805631433
2.00 7.0 2.228976803308165
2.00 7.5 2.4561892201578592
2.00 8.0 2.6743663313691517
2.25 0.5 -0.32838490955049904
2.25 1.0 -0.3864728303117768
2.25 1.5 -0.3019685099672251
2.25 2.0 -0.14599542346485994
2.25 2.5 0.03128911335206406
2.25 3.0 0.21337682102012778
2.25 3.5 0.4226444937095977
2.25 4.0 0.6274942703430804
2.25 4.5 0.8294557497232478
2.25 5.0 1.0389332453790734
2.25 5.5 1.25928035775942
2.25 6.0 1.4759441795127117
2.25 6.5 1.6749428263983954
2.25 7.0 1.8861750200207064
2.25 7.5 2.1076649589127583
2.25 8.0 2.307769065173254
2.50 0.5 -0.3475717652174737
2.50 1.0 -0.4406909324454734
2.50 1.5 -0.36621749260653585
2.50 2.0 -0.23367830094801678
2.50 2.5 -0.07546789287258839
2.50 3.0 0.09261135693883663
2.50 3.5 0.2658858748576304
2.50 4.0 0.4484100286615657
2.50 4.5 0.6400827662237358
2.50 5.0 0.8302394378402177
2.50 5.5 1.020873766554173
2.50 6.0 1.212401974016066
2.50 6.5 1.4050397775491317
2.50 7.0 1.5949704019776276
2.50 7.5 1.789204351535019
2.50 8.0 1.9722995270265868
2.75 0.5 -0.36348485932437574
2.75 1.0 -0.4567456381894543
2.75 1.5 -0.4172739053169274
2.75 2.0 -0.30600374139420516
2.75 2.5 -0.15416964293361868
2.75 3.0 -0.00923569311712704
2.75 3.5 0.135999462732315
2.75 4.0 0.3094871311252628
2.75 4.5 0.47563446776716434
2.75 5.0 0.6491247728009937
2.75 5.5 0.8217114091799229
2.75 6.0 0.993099630389036
2.75 6.5 1.1646536984288105
2.75 7.0 1.3368379356670048
2.75 7.5 1.529705857170805
2.75 8.0 1.698469226359551
3.00 0.5 -0.37592973547211334
3.00 1.0 -0.47801547107838127
3.00 1.5 -0.4526182139206752
3.00 2.0 -0.34840975112133815
3.00 2.5 -0.22474493207459892
3.00 3.0 -0.10257621249476905
3.00 3.5 0.03830822621462309
3.00 4.0 0.191079310410079
3.00 4.5 0.34845303789659227
3.00 5.0 0.4954203834264011
3.00 5.5 0.6516725436900209
3.00 6.0 0.8184621999519955
3.00 6.5 0.9685003158688844
3.00 7.0 1.1408655407907913
3.00 7.5 1.2879859346398526
3.00 8.0 1.460545132379585
3.25 0.5 -0.39282539249642195
3.25 1.0 -0.5091469476781881
3.25 1.5 -0.4844983367249487
3.25 2.0 -0.394538632229732
3.25 2.5 -0.2891357175724879
3.25 3.0 -0.17231720576021708
3.25 3.5 -0.030717869915230542
3.25 4.0 0.09137889547026522
3.25 4.5 0.234438328888174
3.25 5.0 0.3702953271960348
3.25 5.5 0.5208815383286327
3.25 6.0 0.6612473932269588
3.25 6.5 0.8125531495165829
3.25 7.0 0.9534945061406922
3.25 7.5 1.1043159313683506
3.25 8.0 1.2557731177107614
3.50 0.5 -0.40169422648538683
3.50 1.0 -0.5323565098751021
3.50 1.5 -0.50915452813375
3.50 2.0 -0.43479868394913374
3.50 2.5 -0.34651304790045273
3.50 3.0 -0.22761119148227285
3.50 3.5 -0.11198029308128443
3.50 4.0 0.012186796174182443
3.50 4.5 0.13824938613933585
3.50 5.0 0.26609816120551005
3.50 5.5 0.3957775017386571
3.50 6.0 0.5338495647420908
3.50 6.5 0.662060394180224
3.50 7.0 0.8028853169506677
3.50 7.5 0.9411914954669686
3.50 8.0 1.0767090153702654
3.75 0.5 -0.407236357943333
3.75 1.0 -0.5503222873889688
3.75 1.5 -0.5358022253482394
3.75 2.0 -0.46659523591423996
3.75 2.5 -0.37440201990869654
3.75 3.0 -0.27903801157755354
3.75 3.5 -0.16785786010752493
3.75 4.0 -0.05584955119140698
3.75 4.5 0.05978635189630562
3.75 5.0 0.17599529792043542
3.75 5.5 0.298439614450435
3.75 6.0 0.42181044584620775
3.75 6.5 0.5464892362955316
3.75 7.0 0.6684322332740614
3.75 7.5 0.7971371053843834
3.75 8.0 0.9230227386542924
4.00 0.5 -0.4181639434226341
4.00 1.0 -0.5674129902586351
4.00 1.5 -0.5573951844483126
4.00 2.0 -0.49777633182308667
4.00 2.5 -0.41491297685748885
4.00 3.0 -0.3262653971508379
4.00 3.5 -0.22430494624366315
4.00 4.0 -0.12163699438810564
4.00 4.5 -0.007924520216830587
4.00 5.0 0.10425215163376168
4.00 5.5 0.21020373988522623
4.00 6.0 0.32848141173169737
4.00 6.5 0.4363663416027673
4.00 7.0 0.562792806634669
4.00 7.5 0.6757229657387697
4.00 8.0 0.7951350465249762
