# Ps Pf tauTTD tauBTD
0.25 0.5 0.1574205640620678 4.3400386091353145
0.25 1.0 0.1457308778345682 5.3283559020404265
0.25 1.5 0.1437419969183891 6.140871296550723
0.25 2.0 0.12801497667052159 6.339379616603017
0.25 2.5 0.13356855368030054 6.766344517133261
0.25 3.0 0.13603916561206542 7.615310921845451
0.25 3.5 0.12951943206250532 8.316099052283496
0.25 4.0 0.13163438343133785 7.6868835209212
0.25 4.5 0.12291290576634062 8.422901691479609
0.25 5.0 0.12175464022261487 8.279146012135024
0.25 5.5 0.1241904384460947 8.047597594690972
0.25 6.0 0.12313598859365943 8.445911273369418
0.25 6.5 0.11760196552959493 8.504697230471727
0.25 7.0 0.13445528179083394 8.993841044045233
0.25 7.5 0.118309463961369 8.499529616851277
0.25 8.0 0.12155885335157188 9.23315163988834
0.50 0.5 0.24980458182370965 2.249941636676766
0.50 1.0 0.2132159987078349 2.5031362038809357
0.50 1.5 0.1764636135119571 3.066904314747647
0.50 2.0 0.1552568077432009 3.2684916907328163
0.50 2.5 0.1458360491524618 3.8325761968116194
0.50 3.0 0.14882031505697557 4.228586118056454
0.50 3.5 0.13334819711907375 4.684954330718278
0.50 4.0 0.13521139802863946 4.89892506631387
0.50 4.5 0.12977870620402224 5.439503250574942
0.50 5.0 0.1235457536129937 5.631019332596385
0.50 5.5 0.12305049796597181 5.936143499808485
0.50 6.0 0.13164196381143065 6.3901321171685925
0.50 6.5 0.12729064440526255 6.287448780749697
0.50 7.0 0.12385551624083647 6.749803975854748
0.50 7.5 0.12287107756078879 6.842281870743493
0.50 8.0 0.1266542516994669 7.8094948001378315
0.75 0.5 0.35224512857187107 1.345719751519597
0.75 1.0 0.25575425058530094 1.4872890773507004
0.75 1.5 0.21200440873474471 1.8195187100061332
0.75 2.0 0.18057317451711374 2.1190384769424084
0.75 2.5 0.1633049900156905 2.3135797596121677
0.75 3.0 0.15368314451207374 2.654053946390862
0.75 3.5 0.14624813374478224 2.964794548669674
0.75 4.0 0.14429667336760724 3.338184113036667
0.75 4.5 0.14349008108119282 3.4173340650162345
0.75 5.0 0.13858976561975556 3.9923353700293536
0.75 5.5 0.12928363862427153 3.9149501635301216
0.75 6.0 0.13531819674751955 3.9902605044585053
0.75 6.5 0.12789740821949308 4.546529540670035
0.75 7.0 0.12491405106079735 4.785296579914699
0.75 7.5 0.11617736246208307 5.091447363154447
0.75 8.0 0.1197303260030039 5.372870069148843
1.00 0.5 0.4740589649629598 1.0252736821244752
1.00 1.0 0.3112274946384498 1.1311333401603618
1.00 1.5 0.25277511327888863 1.2687784677806857
1.00 2.0 0.20994766968202253 1.4065760545290757
1.00 2.5 0.20861987125592774 1.5010392578170075
1.00 3.0 0.17233277021657833 1.6872842622471187
1.00 3.5 0.16171883967417505 1.915044896735448
1.00 4.0 0.1555660085367099 2.0384873997861583
1.00 4.5 0.15248386600964584 2.560780688762386
1.00 5.0 0.14545190448840467 2.522083149123186
1.00 5.5 0.13878757420957724 2.8426843704271985
1.00 6.0 0.13974589812347643 2.981002343643423
1.00 6.5 0.12972245317655745 3.1832396823476667
1.00 7.0 0.12848796031597112 3.395879966084773
1.00 7.5 0.13068686317294972 3.5694721284823885
1.00 8.0 0.12663026633436722 3.495471679573875
1.25 0.5 0.5933710665171009 0.8415087883630895
1.25 1.0 0.39009752486277055 0.9001047238262601
1.25 1.5 0.28668468710353 0.9535646322652246
1.25 2.0 0.23765692767570878 1.055569311839667
1.25 2.5 0.22574513442385813 1.1229728545655149
1.25 3.0 0.19741536543912996 1.2404138657117711
1.25 3.5 0.1843510060701561 1.272146141126489
1.25 4.0 0.16557786036375233 1.5511464036652671
1.25 4.5 0.16880410988251038 1.6937378284289122
1.25 5.0 0.1567466833887455 1.80853452542626
1.25 5.5 0.1491244989151905 1.9492233922255235
1.25 6.0 0.1527984270243471 2.0394238103248465
1.25 6.5 0.13983714494411892 2.2515014226910317
1.25 7.0 0.12984709277908826 2.42219110212145
1.25 7.5 0.12922264693135926 2.617983164977803
1.25 8.0 0.12787619894503402 2.7073847541806444
1.50 0.5 0.6610176943111585 0.704340353753818
1.50 1.0 0.4299573312705596 0.7537546218251682
1.50 1.5 0.3156722070624906 0.8342780300028172
1.50 2.0 0.27343651622521725 0.8557897615005109
1.50 2.5 0.23179430330947026 0.9417725393725421
1.50 3.0 0.2118593046674512 1.0259961861571696
1.50 3.5 0.1973205823292835 1.0611632488957086
1.50 4.0 0.17781825678287708 1.1235457392570873
1.50 4.5 0.19139216225533673 1.2303731100025888
1.50 5.0 0.16434029364887828 1.343259085796647
1.50 5.5 0.1634792826654508 1.4306654011941042
1.50 6.0 0.15293497704028036 1.5035886796791158
1.50 6.5 0.1496171742449544 1.6838958769154908
1.50 7.0 0.1434777050408307 1.745381005339307
1.50 7.5 0.13847030146798833 1.9310020047825327
1.50 8.0 0.1366180367065036 2.1393911144681677
1.75 0.5 0.7531382426327802 0.6309332898024606
1.75 1.0 0.4584124224553603 0.6894159350395975
1.75 1.5 0.3576161820869734 0.734423710948524
1.75 2.0 0.3023223867602574 0.7318208926910288
1.75 2.5 0.2578059587336854 0.8442421080705045
1.75 3.0 0.23027269973100573 0.8276267849072451
1.75 3.5 0.1980505889245673 0.8801473708247752
1.75 4.0 0.19196708915574054 0.9497174405896218
1.75 4.5 0.17784750457410944 0.9891573651361084
1.75 5.0 0.17757708730011088 1.0310581855805137
1.75 5.5 0.18389039380730476 1.10818601716423
1.75 6.0 0.1638329516563133 1.1724059582940436
1.75 6.5 0.15137168799862197 1.2574647311346274
1.75 7.0 0.1491105446636151 1.3216305524405396
1.75 7.5 0.14188057454359246 1.4800081283207926
1.75 8.0 0.1359446733208393 1.5544100584437004
2.00 0.5 0.8122211477631656 0.5521780294048452
2.00 1.0 0.4988385001715702 0.6490601999450867
2.00 1.5 0.38410195040544765 0.6244725607562058
2.00 2.0 0.30401100150525123 0.7009587049553438
2.00 2.5 0.2785140104679244 0.670228236173036
2.00 3.0 0.2420278761157424 0.6968276826107374
2.00 3.5 0.2170606461453695 0.7691315367493444
2.00 4.0 0.20576353639281197 0.8119074074195703
2.00 4.5 0.19424837063909972 0.8858506097856234
2.00 5.0 0.18251546138966757 0.8465771970658053
2.00 5.5 0.17295533268537264 0.9014958459582789
2.00 6.0 0.16536419736258612 0.9606794487707118
2.00 6.5 0.1573604798692775 0.9904565529831825
2.00 7.0 0.1553392300890955 1.0857840845539781
2.00 7.5 0.15281937931349507 1.1899527358254927
2.00 8.0 0.1416219136205551 1.33792184503823
2.25 0.5 0.882122878614958 0.5581674375964158
2.25 1.0 0.5200826300628134 0.5398447140764523
2.25 1.5 0.39242916134477784 0.5478154531840196
2.25 2.0 0.34083609334269516 0.6046862346297089
2.25 2.5 0.2925100694887935 0.6590896074967049
2.25 3.0 0.2575767402620235 0.6330074065914657
2.25 3.5 0.24401752778795965 0.676330484377841
2.25 4.0 0.2131891592728388 0.6808666565165036
2.25 4.5 0.20940984100231821 0.7265636426441868
2.25 5.0 0.19246830542404225 0.8482343385815068
2.25 5.5 0.18157531993117607 0.8017683312545467
2.25 6.0 0.1750107112025931 0.8450767945582845
2.25 6.5 0.17537886879435174 0.8983764378689006
2.25 7.0 0.16478733679880192 0.9080092788550673
2.25 7.5 0.15448613468303968 0.992120220582547
2.25 8.0 0.15090102542519515 0.9880548176731769
2.50 0.5 0.8568935629688375 0.4799828760811359
2.50 1.0 0.5568898667894892 0.5038157303955153
2.50 1.5 0.4011533488425948 0.5398623664347497
2.50 2.0 0.33467372339558377 0.5367549457218092
2.50 2.5 0.2949773393076008 0.5774096496311617
2.50 3.0 0.2577138974197591 0.5866025192775275
2.50 3.5 0.23585372191497367 0.5831461288630299
2.50 4.0 0.2261931249912365 0.6208124199579456
2.50 4.5 0.21354274135475151 0.6424249158408192
2.50 5.0 0.19441698608563004 0.6548260351976444
2.50 5.5 0.19392748716541452 0.6864050110626003
2.50 6.0 0.18456844952282653 0.7057389998106738
2.50 6.5 0.17985972291751176 0.7073506568077084
2.50 7.0 0.17292720206967252 0.7770609912085382
2.50 7.5 0.16100605719985264 0.8061657193557603
2.50 8.0 0.1601314139769522 0.8532941104416949
2.75 0.5 0.9747491909031224 0.4543989386464607
2.75 1.0 0.550622157249762 0.4808514018302635
2.75 1.5 0.4356647472111376 0.4828915659749198
2.75 2.0 0.34966281250588166 0.5048674963247639
2.75 2.5 0.3020923131870071 0.5437630196814072
2.75 3.0 0.25362816696825063 0.5256270192695904
2.75 3.5 0.24557790090063475 0.5845803467760243
2.75 4.0 0.22901506059275537 0.5727373370897673
2.75 4.5 0.21953176102200458 0.5602315908716315
2.75 5.0 0.20751509727097636 0.6209585975099694
2.75 5.5 0.19541273859809208 0.6270554710785501
2.75 6.0 0.18200490471969016 0.6407953797568537
2.75 6.5 0.17625810390221827 0.6424002059195454
2.75 7.0 0.17731023819772204 0.6660654269117301
2.75 7.5 0.1635383917638395 0.7154156958849562
2.75 8.0 0.15942664832503206 0.785374923349342
3.00 0.5 0.9513064325338331 0.4322951788409097
3.00 1.0 0.5874794646412609 0.44916021590780675
3.00 1.5 0.4374624317466566 0.4604201542258499
3.00 2.0 0.35034263962540374 0.47827507945459224
3.00 2.5 0.3080412698007269 0.4974167981026794
3.00 3.0 0.2758446323063599 0.4943235489880658
3.00 3.5 0.2591047597913784 0.49809377920502623
3.00 4.0 0.23110469544454196 0.5141605248484673
3.00 4.5 0.22507593629925218 0.5644541482497175
3.00 5.0 0.2033941851186005 0.5438205602880741
3.00 5.5 0.19933114396290383 0.5665889074087255
3.00 6.0 0.1871138238787252 0.5843555427132237
3.00 6.5 0.18675974594878297 0.6296590255834393
3.00 7.0 0.17351210035591727 0.6262836206652197
3.00 7.5 0.17193861120516074 0.6135010322225787
3.00 8.0 0.167704317030456 0.6532931035862912
3.25 0.5 0.9347010997549986 0.40502039141027885
3.25 1.0 0.596109121202325 0.42147808175812024
3.25 1.5 0.4437095231828809 0.4226507140128373
3.25 2.0 0.3564267679067485 0.44656104155791565
3.25 2.5 0.3261847088895354 0.46761567480949623
3.25 3.0 0.2792352055508902 0.4556105449211043
3.25 3.5 0.2656940963527548 0.47622545127357435
3.25 4.0 0.24422723799893684 0.5126322015446262
3.25 4.5 0.23011708719347665 0.512737191646476
3.25 5.0 0.2081060937155635 0.49172520976411743
3.25 5.5 0.20310315631094342 0.5271786025061023
3.25 6.0 0.19112876642011822 0.5585334711332677
3.25 6.5 0.18814729440554123 0.5581181474890724
3.25 7.0 0.1793513747415572 0.5779456508459706
3.25 7.5 0.17598012361571921 0.5888267479992886
3.25 8.0 0.17213709862844054 0.618583106581968
3.50 0.5 0.9659302890891055 0.3833452120125286
3.50 1.0 0.5814628749603066 0.39708214359299276
3.50 1.5 0.4317121867995002 0.41399489949878465
3.50 2.0 0.3656511571381088 0.4283065822528373
3.50 2.5 0.31027845526487907 0.42886326943585046
3.50 3.0 0.2835444388123699 0.46030479854461825
3.50 3.5 0.2662864714191419 0.4555899064692183
3.50 4.0 0.2608842808104847 0.4526781660826666
3.50 4.5 0.23460576473879824 0.4753997577155322
3.50 5.0 0.21494977030288212 0.4814063537506202
3.50 5.5 0.1953256316353548 0.4983030267635935
3.50 6.0 0.1938309398411458 0.4993494388416991
3.50 6.5 0.18258370736899726 0.5217569823242524
3.50 7.0 0.18047095914984207 0.5428801527360834
3.50 7.5 0.17665776389583238 0.5237515632747526
3.50 8.0 0.1715845549950438 0.5601862789561819
3.75 0.5 0.945322651970653 0.37227427551440345
3.75 1.0 0.6132446802537608 0.3824127265065585
3.75 1.5 0.4373554810111721 0.3774282946235252
3.75 2.0 0.3679402078324406 0.39922798186408376
3.75 2.5 0.32470634676821064 0.393393317279287
3.75 3.0 0.28718203374384976 0.42678004929118735
3.75 3.5 0.28062042918574415 0.4121080331752204
3.75 4.0 0.2545669657327653 0.4298162411924516
3.75 4.5 0.23630791245210783 0.46313657127551605
3.75 5.0 0.2264248017394681 0.44117904228517013
3.75 5.5 0.21083908804570456 0.4731217045194537
3.75 6.0 0.20156418176101898 0.49382354211534174
3.75 6.5 0.19243323620382685 0.4767045135539555
3.75 7.0 0.17941805424488805 0.5145579192620309
3.75 7.5 0.18336238270484992 0.487688969308394
3.75 8.0 0.17242750469381612 0.5053966412255857
4.00 0.5 0.9473237797140307 0.35974564340784665
4.00 1.0 0.5980507318556416 0.36105816103222604
4.00 1.5 0.4465705851832521 0.3720102102279499
4.00 2.0 0.36982099730485 0.3756084462759935
4.00 2.5 0.3314551604083591 0.39194213649147164
4.00 3.0 0.2835722751502936 0.4254826175874987
4.00 3.5 0.2757134256965721 0.4043575426397325
4.00 4.0 0.2486403157585438 0.4258414764665888
4.00 4.5 0.22940854178457784 0.43650121080208376
4.00 5.0 0.22226190512763344 0.4401521588609227
4.00 5.5 0.2071083416948442 0.4561743718315859
4.00 6.0 0.1984006994148798 0.4459994334408768
4.00 6.5 0.19367467656629325 0.4527562845332998
4.00 7.0 0.1858178736594748 0.4607833374136888
4.00 7.5 0.17906302561005974 0.46504637041761215
4.00 8.0 0.1785304808060226 0.5131098705569981
