# Ps Pf tauTTD tauBTD
0.25 0.5 0.16751456208612364 5.178536549038226
0.25 1.0 0.14879444961585403 6.203465737240572
0.25 1.5 0.1551263699408247 6.75203340931436
0.25 2.0 0.13301305144601758 7.965420271635019
0.25 2.5 0.12876171063831116 8.813867811105432
0.25 3.0 0.13713061605464077 8.450468930476008
0.25 3.5 0.12506826527696727 8.764622826344612
0.25 4.0 0.13701436052711977 9.660042053893033
0.25 4.5 0.1228135820700071 9.492777355228363
0.25 5.0 0.1345764204573443 9.360865512778004
0.25 5.5 0.12354626216684454 9.330892840002265
0.25 6.0 0.12015140926375364 10.000581190573323
0.25 6.5 0.12559771383171425 10.134235665808127
0.25 7.0 0.12870869507227686 10.204145903477501
0.25 7.5 0.11855791594344409 10.108312718421635
0.25 8.0 0.12375679245091077 10.082260702623143
0.50 0.5 0.23611686531944 2.3474352643974457
0.50 1.0 0.19306221642863103 2.979556732266463
0.50 1.5 0.17521046502991813 3.586009228325671
0.50 2.0 0.15302222079503455 4.390095040076345
0.50 2.5 0.1502031094014588 4.774777334132266
0.50 3.0 0.13950256004029143 5.386865560315982
0.50 3.5 0.12756775695600547 6.217632980895098
0.50 4.0 0.13049170649889388 6.15238924647442
0.50 4.5 0.12530418585840836 6.609297037108508
0.50 5.0 0.13127792053169196 7.024136175296538
0.50 5.5 0.14274868002066998 7.217873585060701
0.50 6.0 0.12757790739284428 7.1553701316018055
0.50 6.5 0.12627337862740265 7.9726095320748245
0.50 7.0 0.13034165435064404 7.763887568322024
0.50 7.5 0.1284094074777808 8.379556852087957
0.50 8.0 0.12103471120928665 8.709986436474727
0.75 0.5 0.3338972436416857 1.4320429501932093
0.75 1.0 0.2653148449256939 1.7300861790012563
0.75 1.5 0.20679169301160907 2.0997409579824513
0.75 2.0 0.18629404192573423 2.5269321033074816
0.75 2.5 0.16802788390701984 2.858119220300528
0.75 3.0 0.15830622569230918 3.4458100279792636
0.75 3.5 0.15128860938606925 3.6390831476828756
0.75 4.0 0.14588098355007564 4.151822817764953
0.75 4.5 0.14212421437077513 4.358071682378293
0.75 5.0 0.1350940569062769 4.854666085750479
0.75 5.5 0.13485911710972298 5.566513909539659
0.75 6.0 0.12762397100586403 5.287770943483701
0.75 6.5 0.12764413973204675 5.893472114002781
0.75 7.0 0.12286067744880051 5.775503125793521
0.75 7.5 0.11711235380722257 6.5617951674221215
0.75 8.0 0.12025509737932298 6.162498871925599
1.00 0.5 0.4843177286321298 1.0868963384785462
1.00 1.0 0.3251864910941367 1.232072331161852
1.00 1.5 0.25755430965025283 1.404922743177582
1.00 2.0 0.20816256911106668 1.5648615027677681
1.00 2.5 0.19411437506719073 1.8051703964512866
1.00 3.0 0.18063380677025231 2.0512148881653762
1.00 3.5 0.16529526215134824 2.428262332170909
1.00 4.0 0.1620904034717092 2.654427897769257
1.00 4.5 0.15047668256057425 2.9450454541696387
1.00 5.0 0.14585061562364102 3.15429294161416
1.00 5.5 0.1340469657754444 3.419481336049212
1.00 6.0 0.13934208811569235 4.113720932916176
1.00 6.5 0.12335197601826468 3.9274229436431893
1.00 7.0 0.13540782415295888 4.5180948403914245
1.00 7.5 0.13115574471372377 4.364819146755434
1.00 8.0 0.11842646782951997 4.621999793629866
1.25 0.5 0.5798122494714609 0.8932138886529929
1.25 1.0 0.37265185601612727 0.9515410936002818
1.25 1.5 0.2878826642746537 1.0578343825427754
1.25 2.0 0.25204540520136554 1.1535121696600175
1.25 2.5 0.20799468021435033 1.321505200739628
1.25 3.0 0.19517666455306704 1.5169778948786214
1.25 3.5 0.18059826451139643 1.6470828396355235
1.25 4.0 0.16470718202379286 1.9323104347240678
1.25 4.5 0.15901684247059475 2.0956740664182645
1.25 5.0 0.15524631214304532 2.256823123698225
1.25 5.5 0.15333544677106561 2.9053256568033254
1.25 6.0 0.14939721576695572 2.945486908250724
1.25 6.5 0.13891148695845132 2.917034742496596
1.25 7.0 0.13818700435283082 3.0250545971728546
1.25 7.5 0.12993264208237748 3.405683308197623
1.25 8.0 0.12923011370362833 3.488855401299258
1.50 0.5 0.668312069796359 0.7471462116330725
1.50 1.0 0.43842391391559427 0.8013663425908407
1.50 1.5 0.33096532764853365 0.936128496316473
1.50 2.0 0.26895382360866255 0.965658766377404
1.50 2.5 0.22758401141360388 1.0147385714208244
1.50 3.0 0.20687506311410173 1.1830402888201335
1.50 3.5 0.19510204883709537 1.266879445719317
1.50 4.0 0.19136021324705305 1.4915647210369853
1.50 4.5 0.1761978872873135 1.5776490004751749
1.50 5.0 0.16131533133659237 1.7263916839131592
1.50 5.5 0.16818912326362434 1.816793146151017
1.50 6.0 0.1612232924724373 2.010490080329535
1.50 6.5 0.1470001715863224 2.1143925291866483
1.50 7.0 0.14338701851560548 2.4014283381405503
1.50 7.5 0.1467190312221889 2.7061888178691675
1.50 8.0 0.14640904676625613 2.7988661677495763
1.75 0.5 0.7645622824679741 0.6768417790681112
1.75 1.0 0.5002627513677963 0.7195010803059229
1.75 1.5 0.35311244900040156 0.7844306264218689
1.75 2.0 0.2882057288105174 0.8264154037071227
1.75 2.5 0.2588561447146338 0.8585844702602714
1.75 3.0 0.2266499009691528 0.9338139628231524
1.75 3.5 0.2181793905729592 1.022774251955097
1.75 4.0 0.19165394748126138 1.0764658979258925
1.75 4.5 0.18275668611765847 1.2887900357389084
1.75 5.0 0.17988367385809087 1.31937173167156
1.75 5.5 0.17388442724249806 1.4886976014584101
1.75 6.0 0.16682260520692005 1.5535702474454043
1.75 6.5 0.15286807827593832 1.7844730989683688
1.75 7.0 0.15107723449521737 1.7996069542215867
1.75 7.5 0.1461150956852402 1.9307818218331658
1.75 8.0 0.14271917247006674 2.208823644937673
2.00 0.5 0.7581256551285736 0.592625133499465
2.00 1.0 0.49944572744582 0.6602562004005943
2.00 1.5 0.3666786326469687 0.6553130177184023
2.00 2.0 0.32543100464886815 0.7422087179569395
2.00 2.5 0.2785663329839182 0.7966357457735563
2.00 3.0 0.24248699056971992 0.7979046539815602
2.00 3.5 0.22824712343850612 0.8513367359563065
2.00 4.0 0.20960102434173744 0.9156347291707116
2.00 4.5 0.18989774148330352 0.9762322600547801
2.00 5.0 0.1870334765765405 1.1330895222821966
2.00 5.5 0.17296244766260596 1.1687784469562708
2.00 6.0 0.1701286713629591 1.1954793589786186
2.00 6.5 0.17189881268924603 1.3490252729680239
2.00 7.0 0.15401329277169434 1.411915136850771
2.00 7.5 0.14478275333600454 1.5494998785428147
2.00 8.0 0.14317550993632017 1.7113313211038457
2.25 0.5 0.8554428811519141 0.5400455134772926
2.25 1.0 0.511623685509768 0.5754984571326047
2.25 1.5 0.4062271080808946 0.6062968279628667
2.25 2.0 0.31781843959634154 0.6948985261998256
2.25 2.5 0.2806350967995978 0.6787067568269002
2.25 3.0 0.2523515909645312 0.731329155595708
2.25 3.5 0.23808894867870645 0.7778176899014566
2.25 4.0 0.2227561306516509 0.8251142016066716
2.25 4.5 0.20413068498376735 0.8735761332722276
2.25 5.0 0.19057785363393445 0.8986093219965757
2.25 5.5 0.18478833512727588 0.9763779881752181
2.25 6.0 0.171508464769707 0.9792270603958341
2.25 6.5 0.18939792403117192 1.1505400146822589
2.25 7.0 0.16721024328764203 1.157236862345413
2.25 7.5 0.15970750566436243 1.276761955663978
2.25 8.0 0.15257464849926758 1.3140817472776742
2.50 0.5 0.883140296958651 0.4957177725467304
2.50 1.0 0.543925149389882 0.5326749717463852
2.50 1.5 0.4187111942355052 0.5670723266147846
2.50 2.0 0.32701222123011076 0.5881341123743713
2.50 2.5 0.3102590121834647 0.6504184192743762
2.50 3.0 0.2697836557127023 0.6264269271492237
2.50 3.5 0.24737285926197192 0.6933329242702405
2.50 4.0 0.22627243735836008 0.7056608567875833
2.50 4.5 0.20705597624655947 0.7694802902427839
2.50 5.0 0.2052463192241724 0.7661838279226566
2.50 5.5 0.18836493510502872 0.8051021004208778
2.50 6.0 0.18482671595460584 0.8601649058317979
2.50 6.5 0.17630492716916812 0.902638439520192
2.50 7.0 0.16540783761583372 0.9606424869708301
2.50 7.5 0.16649334758244314 1.0639774959774049
2.50 8.0 0.16207631937588646 1.0853190502782977
2.75 0.5 0.9218105818871338 0.4679441709937086
2.75 1.0 0.5581381055171424 0.5169861077680041
2.75 1.5 0.41404453528954177 0.5229731087481463
2.75 2.0 0.34609719166884845 0.5625328018152853
2.75 2.5 0.3128726656059153 0.5709098950847865
2.75 3.0 0.27239424525639155 0.573986104191215
2.75 3.5 0.2546381353987646 0.6533449942090831
2.75 4.0 0.23559536917202503 0.6556309755745537
2.75 4.5 0.21828688061588886 0.6645393663292235
2.75 5.0 0.20554755736059357 0.7183814378953123
2.75 5.5 0.20409199071372372 0.8011172861366402
2.75 6.0 0.181341030509019 0.7813428728055258
2.75 6.5 0.1756414811699772 0.8196925176032211
2.75 7.0 0.17317079711548133 0.8700238915617975
2.75 7.5 0.16476934698420923 0.9190931304158156
2.75 8.0 0.15630004475336262 1.006466252355696
3.00 0.5 0.914335520915949 0.44842663830882895
3.00 1.0 0.56833595886063 0.45863332388240824
3.00 1.5 0.41925281137346376 0.4820070920286815
3.00 2.0 0.35623279765669147 0.5195140245294606
3.00 2.5 0.30140750126079835 0.5290168758794239
3.00 3.0 0.28825785973872503 0.5601338856926734
3.00 3.5 0.254536365598671 0.5594982187907627
3.00 4.0 0.23271745697177962 0.5983677504701268
3.00 4.5 0.22684280196761852 0.6345908067402736
3.00 5.0 0.19830216252360375 0.6574595780569422
3.00 5.5 0.2019554583855739 0.6952552201831889
3.00 6.0 0.1849344155474486 0.7135858211488785
3.00 6.5 0.1876474641752579 0.7493843212611555
3.00 7.0 0.17892007497684606 0.7623058934273714
3.00 7.5 0.17268493623931488 0.8335564530863515
3.00 8.0 0.1641988702496154 0.8618285443292362
3.25 0.5 0.9470142705437693 0.4327908557485395
3.25 1.0 0.6351342175385734 0.45147389862906506
3.25 1.5 0.46587887115176785 0.44769881320484817
3.25 2.0 0.3753232834968271 0.5057264487658273
3.25 2.5 0.3155810979820706 0.5268859954373512
3.25 3.0 0.2829434439473244 0.5314845777506646
3.25 3.5 0.2855745663490261 0.5311477065434287
3.25 4.0 0.2584827055146398 0.5822242075973436
3.25 4.5 0.2254449129784463 0.5866874551764617
3.25 5.0 0.2042659456554488 0.591265817803393
3.25 5.5 0.21351816345041877 0.617453692455223
3.25 6.0 0.19564384831720044 0.626368589108932
3.25 6.5 0.18213291420418792 0.6597677842817689
3.25 7.0 0.18134218967580953 0.7018456021187072
3.25 7.5 0.18031188375833201 0.7279930463670192
3.25 8.0 0.1661711026402448 0.7601896913989228
3.50 0.5 0.9017828650082518 0.4138591696249585
3.50 1.0 0.5749534971120459 0.3998003095383978
3.50 1.5 0.4322706018851009 0.42814507772952093
3.50 2.0 0.3836909227908414 0.44177485248477066
3.50 2.5 0.3199959476403161 0.47706350213536053
3.50 3.0 0.30833222187076764 0.4847672493431045
3.50 3.5 0.2583938471814628 0.5140200069149
3.50 4.0 0.23539326675668007 0.4998923244085704
3.50 4.5 0.2308276814837825 0.5613027483888262
3.50 5.0 0.22205961185468046 0.5676108537959161
3.50 5.5 0.2038522362552142 0.5832935769360375
3.50 6.0 0.2043156085129986 0.6007035266103147
3.50 6.5 0.18854947224605048 0.6168386645579665
3.50 7.0 0.1884296742369453 0.6413016879896146
3.50 7.5 0.1808347415766557 0.6687005094341955
3.50 8.0 0.1712427579038657 0.692488795770587
3.75 0.5 0.9759214104393229 0.38800679018593087
3.75 1.0 0.5975569481178242 0.39956930288802905
3.75 1.5 0.45729766239336644 0.41254109159963603
3.75 2.0 0.365544916578374 0.42807785391806147
3.75 2.5 0.32437320239623635 0.4520572346419042
3.75 3.0 0.30289059436747306 0.45298842350035134
3.75 3.5 0.266463025316352 0.47454837274767
3.75 4.0 0.24558320090391736 0.48683371473246156
3.75 4.5 0.23453635635920497 0.5195585423764925
3.75 5.0 0.22342010632101397 0.532926653611698
3.75 5.5 0.20967258630014599 0.5711446097877614
3.75 6.0 0.19978637313085545 0.5723223644292041
3.75 6.5 0.192749706638407 0.5969986792953789
3.75 7.0 0.1818781353955758 0.5951261921810005
3.75 7.5 0.18412347639577722 0.5941522746702839
3.75 8.0 0.16746551860739547 0.6623935039117534
4.00 0.5 0.9110724470181584 0.361847928547999
4.00 1.0 0.6110407183791985 0.38207228348974465
4.00 1.5 0.46384648302915515 0.3948474845716971
4.00 2.0 0.38476645073031895 0.41345424416058146
4.00 2.5 0.3169279509369312 0.4307493586933065
4.00 3.0 0.29620056054289073 0.4373566912127137
4.00 3.5 0.2691287451111001 0.4644696567749299
4.00 4.0 0.25286033917209416 0.4795953211674676
4.00 4.5 0.23692824882872035 0.4943011730953345
4.00 5.0 0.2283456564745754 0.5170527109903764
4.00 5.5 0.2130913280701061 0.5062346249030274
4.00 6.0 0.20182824037600788 0.5482220319282813
4.00 6.5 0.1995045487084433 0.5553991702846972
4.00 7.0 0.19640443094207874 0.5787196709105538
4.00 7.5 0.17537732125597805 0.5932982472195031
4.00 8.0 0.17147982880590273 0.6203908168678897
