# Ps Pf tauTTD tauBTD
0.25 0.5 0.16336623474633544 5.265234269718871
0.25 1.0 0.15345269548833854 6.194819803665115
0.25 1.5 0.14002975568455317 6.823988011123529
0.25 2.0 0.13059533314296926 7.68380461433346
0.25 2.5 0.1296821096688531 8.019072573723927
0.25 3.0 0.12815345853322757 8.598520262125868
0.25 3.5 0.13491572575246205 8.620507270198912
0.25 4.0 0.1328809945150721 9.31292458222431
0.25 4.5 0.13146460047873554 10.037784104398602
0.25 5.0 0.12338690481308837 9.34584857566135
0.25 5.5 0.11505169792134358 9.774430215231153
0.25 6.0 0.1217530402876256 9.662391775612589
0.25 6.5 0.12092088530944813 9.871299677532807
0.25 7.0 0.12163859594067268 9.527228400430491
0.25 7.5 0.13051915304215567 10.019195112077002
0.25 8.0 0.12332395660704569 9.576035454248148
0.50 0.5 0.2613624693432147 2.324107223121879
0.50 1.0 0.20169145417432705 2.84809445138056
0.50 1.5 0.15898368919603686 3.484441699238248
0.50 2.0 0.1503423571042881 4.136036402606588
0.50 2.5 0.14582591338474607 4.5553964135278955
0.50 3.0 0.1471708242199498 5.177299738057355
0.50 3.5 0.14608245679739276 5.3633137525397885
0.50 4.0 0.1288563457335592 6.196484160981983
0.50 4.5 0.12756836013510214 6.331741839723276
0.50 5.0 0.1331876122514318 7.1441100111699765
0.50 5.5 0.1346738511932493 7.08089887028216
0.50 6.0 0.12625009229262016 7.716116249397206
0.50 6.5 0.12257028827821338 7.586406517152439
0.50 7.0 0.12175201513820122 8.307820804928763
0.50 7.5 0.11862110221581829 7.864036813297147
0.50 8.0 0.11684964808820686 8.108327471104415
0.75 0.5 0.33758676428927803 1.442691128185586
0.75 1.0 0.26008438636343933 1.7219154961547476
0.75 1.5 0.21704980704609494 2.0512699933203455
0.75 2.0 0.17894469406735133 2.530893105523881
0.75 2.5 0.1647477800940934 2.741473902483301
0.75 3.0 0.15706590507365759 3.0607435604438966
0.75 3.5 0.15255615339881098 3.540445967148547
0.75 4.0 0.14480430311742243 4.190001663566094
0.75 4.5 0.1340397389948567 4.027285354178086
0.75 5.0 0.13293166934789755 4.948174947507952
0.75 5.5 0.1346728232344311 5.0136215403159525
0.75 6.0 0.12269323949529051 5.498685599956169
0.75 6.5 0.12601703494985222 5.615088796554661
0.75 7.0 0.13319767511544245 5.824400777142458
0.75 7.5 0.13221643752990542 5.851237721767168
0.75 8.0 0.1161534736397482 6.249718056945026
1.00 0.5 0.4743630307047987 1.08777279804708
1.00 1.0 0.32148589801730404 1.2271550787896268
1.00 1.5 0.2525946011448211 1.4181780287458885
1.00 2.0 0.21022796372291702 1.6486126067233178
1.00 2.5 0.20276393038380755 1.7669281237724415
1.00 3.0 0.1862346103357196 2.1202954781123178
1.00 3.5 0.16548424047186663 2.2485765827393522
1.00 4.0 0.1527509446019153 2.6061713229434496
1.00 4.5 0.14729278406975532 3.005418761731283
1.00 5.0 0.14518571955820053 3.132020037256833
1.00 5.5 0.14345212887677847 3.741539947364299
1.00 6.0 0.13090474287206252 3.8880992917509327
1.00 6.5 0.13573024176889736 4.331163525782787
1.00 7.0 0.12989391676290013 4.276765156779441
1.00 7.5 0.12715853205442962 4.716918880504543
1.00 8.0 0.13731653204754937 5.0021592130461325
1.25 0.5 0.5660001747145282 0.8640428603475451
1.25 1.0 0.39025956904184106 0.9411466143166591
1.25 1.5 0.2969233367034461 1.0739560497618106
1.25 2.0 0.2436272777968526 1.1926355597542446
1.25 2.5 0.22164662332385904 1.2982741910635578
1.25 3.0 0.19738983885032432 1.5820377145199336
1.25 3.5 0.19842202099244607 1.685877395981616
1.25 4.0 0.17859739801901783 1.9065523279130188
1.25 4.5 0.17060420340479704 2.1359754206032666
1.25 5.0 0.16040909627278568 2.360777573776217
1.25 5.5 0.14858042476502817 2.493520884999291
1.25 6.0 0.14587607797250154 2.6205404033854287
1.25 6.5 0.13882237880683723 3.215102881682717
1.25 7.0 0.13118544536807888 3.066646605610096
1.25 7.5 0.1382232933805724 3.7607305041758767
1.25 8.0 0.1261176095296663 3.4507834359504517
1.50 0.5 0.6788335593429581 0.773349020129982
1.50 1.0 0.42128071183492904 0.8019698357919165
1.50 1.5 0.3233060087890866 0.9006577170051326
1.50 2.0 0.26383078714906566 0.9541496989151382
1.50 2.5 0.23895458875862655 1.081395912452713
1.50 3.0 0.2088184494765246 1.2190105206020354
1.50 3.5 0.19414741672043964 1.2684342913809172
1.50 4.0 0.1891888223850568 1.389355585831583
1.50 4.5 0.17569071500391886 1.6403143007090497
1.50 5.0 0.16323688744098122 1.6479253820433317
1.50 5.5 0.16046693264411352 1.8095769299707012
1.50 6.0 0.153257361975918 2.010982487489047
1.50 6.5 0.1539288931180144 2.14964875573789
1.50 7.0 0.14862167440512689 2.262961735021373
1.50 7.5 0.14091938650563884 2.5311112798511406
1.50 8.0 0.1347185629481347 2.8738679369665103
1.75 0.5 0.7303507011404203 0.6488581992229806
1.75 1.0 0.48371275526022667 0.6840984192928328
1.75 1.5 0.340908077168824 0.7515852605937249
1.75 2.0 0.30321050345379075 0.8076392671198391
1.75 2.5 0.2568631425454823 0.883729520196921
1.75 3.0 0.2278813008981096 0.9467523284330455
1.75 3.5 0.22256578426123164 1.0245308829295856
1.75 4.0 0.19443569141919712 1.1529458974162148
1.75 4.5 0.1885070797032562 1.2177356085346742
1.75 5.0 0.17371756875866154 1.3261256213112607
1.75 5.5 0.16290641905709893 1.429670221408975
1.75 6.0 0.16418986557116905 1.6036569461738157
1.75 6.5 0.1602427897774066 1.7558250241259217
1.75 7.0 0.16317902533334105 1.850205208897801
1.75 7.5 0.14887777000153463 1.8810093607329843
1.75 8.0 0.145127325228337 2.1628577153760573
2.00 0.5 0.8101508270900687 0.6216951902002804
2.00 1.0 0.5159420372434244 0.6304528008765174
2.00 1.5 0.37460014211960163 0.6720169536366937
2.00 2.0 0.3102307957281218 0.6897728611392296
2.00 2.5 0.2624226212555044 0.7410786284242628
2.00 3.0 0.2593514156790309 0.7885910562801943
2.00 3.5 0.2344093377692483 0.8722836813211838
2.00 4.0 0.2029171650884252 0.9659030120499665
2.00 4.5 0.19328578861813878 0.9437375140753558
2.00 5.0 0.17915819652330495 1.0666387456293462
2.00 5.5 0.17321692409884548 1.1280617136949225
2.00 6.0 0.1602582357234502 1.2062583432053449
2.00 6.5 0.169033156248558 1.3461926144133862
2.00 7.0 0.16754584295619498 1.4087255096060383
2.00 7.5 0.15701479157109632 1.593867719823255
2.00 8.0 0.14980941938659276 1.659276881836068
2.25 0.5 0.8370534376639702 0.5623204223881548
2.25 1.0 0.5656894460849894 0.5496573336517214
2.25 1.5 0.40327526353166554 0.5857874323039646
2.25 2.0 0.31716041164288744 0.6362360109017737
2.25 2.5 0.28479441650014514 0.6650553136867426
2.25 3.0 0.2548331285615302 0.7269678563257016
2.25 3.5 0.23023647154577825 0.7350651823955121
2.25 4.0 0.20827158418267802 0.8136630191442945
2.25 4.5 0.20600445584925958 0.8423987708724674
2.25 5.0 0.195695061856813 0.8955431952628562
2.25 5.5 0.18482026071425187 0.95619326643687
2.25 6.0 0.18402124355921584 1.06258761449774
2.25 6.5 0.16914887923586533 1.1012645261505165
2.25 7.0 0.15657830049633323 1.2281880826659797
2.25 7.5 0.1577780158822326 1.2466652446424884
2.25 8.0 0.1505695222054194 1.3775366952645447
2.50 0.5 0.9033418423749106 0.5105156112182834
2.50 1.0 0.5352486572531229 0.5226639905891111
2.50 1.5 0.40715456870647065 0.5691290884183574
2.50 2.0 0.328541923544969 0.588029363955627
2.50 2.5 0.30296999579756234 0.6278872259694328
2.50 3.0 0.26493235897970585 0.6711968686528933
2.50 3.5 0.24509185265003508 0.6919005076186862
2.50 4.0 0.22539631626956685 0.7177636676732508
2.50 4.5 0.2063997362203181 0.7581979828267467
2.50 5.0 0.19822563149494798 0.784947597057697
2.50 5.5 0.1900392629869523 0.8172846798368502
2.50 6.0 0.18384445477795075 0.8853324379362022
2.50 6.5 0.17519051779398126 0.9254023176654216
2.50 7.0 0.16543069259182128 0.9882790173026826
2.50 7.5 0.16864540884528423 1.121133267071281
2.50 8.0 0.16208144638756725 1.1345114374346543
2.75 0.5 0.9050696745953571 0.49574414816604284
2.75 1.0 0.5693577025793761 0.487154934665898
2.75 1.5 0.43472246376444 0.5305479463354328
2.75 2.0 0.3492792701838304 0.5402848627953158
2.75 2.5 0.30739060594314244 0.5806601196041653
2.75 3.0 0.2757401728919781 0.5952593040239851
2.75 3.5 0.2410611302942421 0.6237336476119443
2.75 4.0 0.24089270466068338 0.6411354286761928
2.75 4.5 0.21593947669073843 0.7158655512572543
2.75 5.0 0.2046167859309033 0.7317913695708029
2.75 5.5 0.19703429603389985 0.7737170748980298
2.75 6.0 0.18444915980013257 0.799105009763251
2.75 6.5 0.18132418050015894 0.8534115249519721
2.75 7.0 0.16955694815133104 0.8602910880089494
2.75 7.5 0.16442699580886772 0.9109746305650485
2.75 8.0 0.16734350451040628 1.0018557305090623
3.00 0.5 0.9117291297534386 0.46100753565032887
3.00 1.0 0.5728443067517118 0.47117223515198897
3.00 1.5 0.4323956622987773 0.4732346213933994
3.00 2.0 0.37062423768341063 0.5246313882396191
3.00 2.5 0.3103009301790089 0.5356385759320075
3.00 3.0 0.2752973355397749 0.5552336870321389
3.00 3.5 0.25374054595880857 0.6184844048214152
3.00 4.0 0.22998317013771352 0.5791680646946346
3.00 4.5 0.23227049322516405 0.6336404877381712
3.00 5.0 0.204545413120958 0.6560782694149556
3.00 5.5 0.21448873940045718 0.696673998572476
3.00 6.0 0.19108932534151468 0.6977512149533421
3.00 6.5 0.18346229339113715 0.7396912356327732
3.00 7.0 0.17717926773061665 0.757889928318981
3.00 7.5 0.17592117280994515 0.8185100011973675
3.00 8.0 0.16613136454928026 0.8510653527630208
3.25 0.5 0.9404854076548393 0.4377311748651827
3.25 1.0 0.5774827582280201 0.4461175604973018
3.25 1.5 0.4247395986393779 0.4560067991828795
3.25 2.0 0.36334935981351346 0.4717608939004539
3.25 2.5 0.3153824510339404 0.5066557266592149
3.25 3.0 0.29045686441614865 0.5333573882761959
3.25 3.5 0.26250860197208153 0.5468428905713578
3.25 4.0 0.23970288050732194 0.5679442108097182
3.25 4.5 0.2323326843988922 0.5826082557314922
3.25 5.0 0.21147287863557726 0.5850565601083534
3.25 5.5 0.19831940677711163 0.6170010888334571
3.25 6.0 0.1903949761125194 0.6476966512686063
3.25 6.5 0.18562180234213999 0.6943233486689956
3.25 7.0 0.17995325549513547 0.6885872050619447
3.25 7.5 0.1725531396572789 0.7196029862714368
3.25 8.0 0.16715896667453495 0.7538568457982232
3.50 0.5 0.9238734488303343 0.39004970596346045
3.50 1.0 0.6033120387867189 0.41135117231375706
3.50 1.5 0.4294228014107362 0.4782479114752159
3.50 2.0 0.3599466383212183 0.46771934250564035
3.50 2.5 0.328090252517171 0.4567907767647617
3.50 3.0 0.29744713752270585 0.4981219658006665
3.50 3.5 0.2652151934635094 0.5057378504068392
3.50 4.0 0.2445282309501029 0.5355678395977549
3.50 4.5 0.2282209407260159 0.54689344978128
3.50 5.0 0.2198687114508102 0.5650463123570187
3.50 5.5 0.2006864288033416 0.5864038687462592
3.50 6.0 0.2013354136814801 0.6248276792218931
3.50 6.5 0.19268089464446697 0.6253722192780493
3.50 7.0 0.17538892646225335 0.645219849453366
3.50 7.5 0.1844660182072407 0.667667891032087
3.50 8.0 0.16840606734151292 0.6862113435921229
3.75 0.5 0.959013106367442 0.3926631617391521
3.75 1.0 0.596573085922913 0.41568465291973705
3.75 1.5 0.4748592537518478 0.4224435559561538
3.75 2.0 0.3706476940353845 0.41664718493541125
3.75 2.5 0.32929000352750837 0.4482321528025271
3.75 3.0 0.28553925079649883 0.44898219385063165
3.75 3.5 0.26001917862599605 0.48050748359384454
3.75 4.0 0.24942187802556348 0.4957404036504293
3.75 4.5 0.23270523145703043 0.5254005292872859
3.75 5.0 0.21186784152148652 0.5139648237347425
3.75 5.5 0.21337733845382176 0.5576631437221743
3.75 6.0 0.20285856691147097 0.5736548392138212
3.75 6.5 0.19415783732018577 0.571419971546381
3.75 7.0 0.1773532604530047 0.5889686357602146
3.75 7.5 0.17734607577760667 0.6358800992471394
3.75 8.0 0.1702923767797466 0.6323332552797389
4.00 0.5 0.9375000205520514 0.37873610428003157
4.00 1.0 0.6300294712007948 0.39992954145999615
4.00 1.5 0.4491490947673278 0.4012290993440622
4.00 2.0 0.3979484798403906 0.4243876387317426
4.00 2.5 0.3258045762982432 0.4364808961717892
4.00 3.0 0.2990216205579728 0.45587159214279693
4.00 3.5 0.2763689470288339 0.46750051896635986
4.00 4.0 0.2523268062383808 0.47709601380753935
4.00 4.5 0.2416132659613159 0.4872711087264057
4.00 5.0 0.21970272151304315 0.49882774064929897
4.00 5.5 0.2050644478274873 0.5204051036830859
4.00 6.0 0.20159231963110877 0.522140242898664
4.00 6.5 0.18910087039426665 0.5524544713712867
4.00 7.0 0.17933689538381054 0.5629613952867926
4.00 7.5 0.1805525696649348 0.5837890999039519
4.00 8.0 0.17300187284297328 0.6117655055837012
