# Ps Pf alpha
0.25 0.5 1.9986872027175584
0.25 1.0 1.9990770053899851
0.25 1.5 1.999588499182062
0.25 2.0 2.000272035063605
0.25 2.5 2.0006624466524516
0.25 3.0 2.0007123586168682
0.25 3.5 1.9981938575615403
0.25 4.0 2.000955638946689
0.25 4.5 2.00038453620746
0.25 5.0 2.0007773533242625
0.25 5.5 2.001122691398924
0.25 6.0 2.0015562281509354
0.25 6.5 2.0006214570805465
0.25 7.0 1.9973977638455
0.25 7.5 1.9992380628712814
0.25 8.0 2.0011318090660506
0.50 0.5 1.9981749485637341
0.50 1.0 1.9997149369361873
0.50 1.5 1.9990769052955617
0.50 2.0 2.0024740725804575
0.50 2.5 2.001055354610206
0.50 3.0 2.000395314892335
0.50 3.5 2.0004156157002932
0.50 4.0 2.00083021205704
0.50 4.5 2.0008901929517933
0.50 5.0 1.999510100288776
0.50 5.5 2.0002619789237284
0.50 6.0 2.001726366126194
0.50 6.5 1.9994262300251557
0.50 7.0 1.9994309456940207
0.50 7.5 1.9998035381584074
0.50 8.0 2.000549275397945
0.75 0.5 1.9883506092531287
0.75 1.0 1.9920357316127084
0.75 1.5 2.0014396694214107
0.75 2.0 2.0007754107077362
0.75 2.5 1.9992922625150573
0.75 3.0 1.9993304187352807
0.75 3.5 2.0026121709973124
0.75 4.0 2.0008417469414006
0.75 4.5 2.0007913870424896
0.75 5.0 1.9994932277241655
0.75 5.5 2.0000191615619207
0.75 6.0 2.000664630509233
0.75 6.5 2.000131651338768
0.75 7.0 1.9996307316304227
0.75 7.5 1.9995628163588277
0.75 8.0 2.0002521852854214
1.00 0.5 2.001874410413758
1.00 1.0 1.977358834448961
1.00 1.5 1.9968871569127162
1.00 2.0 2.001587382859119
1.00 2.5 1.999760425908492
1.00 3.0 2.0010473233063504
1.00 3.5 2.000357668328004
1.00 4.0 1.9995276528516461
1.00 4.5 1.9996456811075185
1.00 5.0 1.9998297379146843
1.00 5.5 2.0006926463539854
1.00 6.0 1.999673421033016
1.00 6.5 1.9997427679233166
1.00 7.0 2.000919727682157
1.00 7.5 2.000932840411267
1.00 8.0 2.0002243436330343
1.25 0.5 1.9934414745702758
1.25 1.0 2.0040092408834194
1.25 1.5 1.4651183342688707
1.25 2.0 1.9987120477673606
1.25 2.5 2.0015618309978978
1.25 3.0 1.9982721411503923
1.25 3.5 1.9983845913816976
1.25 4.0 1.9991154772972517
1.25 4.5 2.0006091328238935
1.25 5.0 2.0000646831235267
1.25 5.5 2.0004376021020724
1.25 6.0 1.9998868369383498
1.25 6.5 2.000353297892123
1.25 7.0 1.99913242746453
1.25 7.5 2.0002085590515257
1.25 8.0 1.9999742388356168
1.50 0.5 1.9990523488747787
1.50 1.0 1.998326612506738
1.50 1.5 1.9898455484112607
1.50 2.0 1.9743521040902567
1.50 2.5 1.997995648416836
1.50 3.0 1.9996759748103035
1.50 3.5 1.999503522476258
1.50 4.0 2.000242213786307
1.50 4.5 1.9993753053108965
1.50 5.0 2.000406430911905
1.50 5.5 1.9988751679646461
1.50 6.0 2.0000885422788603
1.50 6.5 2.0005057947881655
1.50 7.0 2.0003971048025018
1.50 7.5 2.0019443932338423
1.50 8.0 1.9994613416292686
1.75 0.5 1.9999536299384948
1.75 1.0 1.9978216579778876
1.75 1.5 1.9992781023258523
1.75 2.0 1.996648063578482
1.75 2.5 1.9864936577051944
1.75 3.0 2.0020583421929086
1.75 3.5 2.0018795200211508
1.75 4.0 1.99872350460728
1.75 4.5 1.9992941775293969
1.75 5.0 2.0001307160559585
1.75 5.5 2.001449629255847
1.75 6.0 2.000428390005454
1.75 6.5 1.9992632514768212
1.75 7.0 1.9997048108854272
1.75 7.5 2.000920744949606
1.75 8.0 1.9991924045792202
2.00 0.5 2.0010897373311956
2.00 1.0 1.9987154838691008
2.00 1.5 2.0005898464520735
2.00 2.0 1.998821013767037
2.00 2.5 1.9966824812831308
2.00 3.0 1.9879817029468154
2.00 3.5 1.999638791103338
2.00 4.0 2.0010412394868906
2.00 4.5 1.9997514274439878
2.00 5.0 2.0013602026225885
2.00 5.5 2.0002185140067166
2.00 6.0 1.9994539261098434
2.00 6.5 2.0001937156542073
2.00 7.0 1.998963994560504
2.00 7.5 2.000554433962032
2.00 8.0 2.000040576770186
2.25 0.5 1.9994177082478022
2.25 1.0 2.0001958602500935
2.25 1.5 1.9984109963593408
2.25 2.0 1.998322737994091
2.25 2.5 2.0013727314133063
2.25 3.0 2.0010789038707197
2.25 3.5 2.002152136860254
2.25 4.0 2.000127360837164
2.25 4.5 1.997901984849967
2.25 5.0 1.999851875581621
2.25 5.5 2.0005524983033585
2.25 6.0 1.999744186101711
2.25 6.5 1.9999410870805467
2.25 7.0 2.0003503794179616
2.25 7.5 2.0000513409043608
2.25 8.0 2.0007687251917607
2.50 0.5 1.9999292311278372
2.50 1.0 1.9986371029365473
2.50 1.5 1.9986575962896849
2.50 2.0 2.001416250525055
2.50 2.5 1.998949436997503
2.50 3.0 2.001108734108347
2.50 3.5 1.991630549752102
2.50 4.0 1.9760669845430634
2.50 4.5 2.00044918205289
2.50 5.0 2.0002097344516496
2.50 5.5 1.998778093975978
2.50 6.0 2.002131417494843
2.50 6.5 1.9993552803653978
2.50 7.0 1.9999587973563944
2.50 7.5 2.0004402048052197
2.50 8.0 1.999951871108359
2.75 0.5 2.000319921015303
2.75 1.0 2.0000762011383384
2.75 1.5 2.0001614584518643
2.75 2.0 1.9986738308793737
2.75 2.5 1.9994019269431054
2.75 3.0 1.998265027964329
2.75 3.5 1.9963201439389304
2.75 4.0 1.9996979686927945
2.75 4.5 1.9628273072614524
2.75 5.0 1.9982290471735575
2.75 5.5 2.0005903688814937
2.75 6.0 1.9982683073308987
2.75 6.5 1.999561764914726
2.75 7.0 1.998732612519767
2.75 7.5 2.000372037898025
2.75 8.0 1.9995373705016577
3.00 0.5 1.9978478117698713
3.00 1.0 2.0005241591103347
3.00 1.5 2.00028733364309
3.00 2.0 2.0005831334607067
3.00 2.5 2.000011782959518
3.00 3.0 1.9982522897948718
3.00 3.5 1.9993602751244792
3.00 4.0 1.9981565268580843
3.00 4.5 1.9933578163474674
3.00 5.0 1.9814672397511592
3.00 5.5 1.9959350737653656
3.00 6.0 2.0007328723822355
3.00 6.5 2.000790789541977
3.00 7.0 2.0003485099851517
3.00 7.5 2.000051593499741
3.00 8.0 2.000560086592889
3.25 0.5 2.0008149692206727
3.25 1.0 1.9996426873712347
3.25 1.5 1.9997311862921392
3.25 2.0 1.9999853962983534
3.25 2.5 1.9994742835734616
3.25 3.0 1.9985647232722177
3.25 3.5 2.000464819726939
3.25 4.0 2.000527835979417
3.25 4.5 1.9957495423419875
3.25 5.0 1.9922556832634386
3.25 5.5 1.9682067111225667
3.25 6.0 1.992193349223967
3.25 6.5 1.999533766211351
3.25 7.0 1.999537214202663
3.25 7.5 1.9969162725057044
3.25 8.0 1.9990390493709818
3.50 0.5 2.001131559606927
3.50 1.0 2.000138972596839
3.50 1.5 1.999631815219206
3.50 2.0 1.9998134981398998
3.50 2.5 2.000846782519714
3.50 3.0 2.0003285359573826
3.50 3.5 2.0004300815009195
3.50 4.0 1.999788886397082
3.50 4.5 2.000471355927008
3.50 5.0 2.00103351000959
3.50 5.5 1.9984603665520346
3.50 6.0 1.9450099107224421
3.50 6.5 1.9973572388607221
3.50 7.0 1.9994922543092926
3.50 7.5 1.998939188581509
3.50 8.0 1.9974711276903252
3.75 0.5 1.998348302009088
3.75 1.0 2.0002103623929837
3.75 1.5 1.9998374696219252
3.75 2.0 1.9999705276206416
3.75 2.5 2.0000104542234176
3.75 3.0 1.9998017428742187
3.75 3.5 2.0007080692800305
3.75 4.0 2.000850923838953
3.75 4.5 2.000838485559458
3.75 5.0 2.0025743347706046
3.75 5.5 1.997715808482787
3.75 6.0 1.993180515333148
3.75 6.5 1.7399248790724375
3.75 7.0 2.0015726006265493
3.75 7.5 1.999923012941531
3.75 8.0 1.9996259177033266
4.00 0.5 1.9975412555613168
4.00 1.0 1.9998787577580686
4.00 1.5 1.9998952233773506
4.00 2.0 2.0000348701679163
4.00 2.5 2.00001984738757
4.00 3.0 2.0003033809491773
4.00 3.5 2.000033230046044
4.00 4.0 1.9990334022356469
4.00 4.5 2.0005190636415486
4.00 5.0 1.9997564413919922
4.00 5.5 1.9977072907376314
4.00 6.0 1.9977791522365587
4.00 6.5 1.9936343570468904
4.00 7.0 1.3522085289762702
4.00 7.5 1.9907118947211557
4.00 8.0 2.0043608500360968
